109 62
1 -9.13295203834630e-01 4.07298257610637e-01 0.00000000000000e+00
2 -1.00000000000000e+00 0.00000000000000e+00 0.00000000000000e+00
3 -6.73433497062411e-01 7.39247810300640e-01 0.00000000000000e+00
4 -3.51100151841865e-01 9.36337910893615e-01 0.00000000000000e+00
5 1.15027380792693e-02 9.99933841319854e-01 0.00000000000000e+00
6 4.17776706814253e-01 9.08549736251923e-01 0.00000000000000e+00
7 7.18223385980109e-01 6.95812595338190e-01 0.00000000000000e+00
8 9.21878722139036e-01 3.87478543492794e-01 0.00000000000000e+00
9 9.99766751072902e-01 -2.15973018947583e-02 0.00000000000000e+00
10 9.24204980604962e-01 -3.81896784255880e-01 0.00000000000000e+00
11 7.19492818329474e-01 -6.94499880757593e-01 0.00000000000000e+00
12 3.76848778942144e-01 -9.26274796056664e-01 0.00000000000000e+00
13 -3.30959281237163e-02 -9.99452179717284e-01 0.00000000000000e+00
14 -3.92502406292114e-01 -9.19750977740660e-01 0.00000000000000e+00
15 -7.22469634736865e-01 -6.91402651776214e-01 0.00000000000000e+00
16 -9.34516348289866e-01 -3.55920208444216e-01 0.00000000000000e+00
17 -6.59542839545942e-01 2.23613483547208e-01 0.00000000000000e+00
18 -4.91539161593708e-01 5.22907537083993e-01 0.00000000000000e+00
19 -1.32261861574516e-01 6.04625588074830e-01 0.00000000000000e+00
20 2.56244715322333e-01 6.22431421887135e-01 0.00000000000000e+00
21 4.81810553182800e-01 3.23457449738333e-01 0.00000000000000e+00
22 6.62120698552095e-01 -1.46748365957316e-02 0.00000000000000e+00
23 4.69595607541058e-01 -3.50818500939681e-01 0.00000000000000e+00
24 2.17450115027355e-01 -6.48786911599582e-01 0.00000000000000e+00
25 -2.06815130570478e-01 -6.51020345331243e-01 0.00000000000000e+00
26 -4.18655730144250e-01 -3.63357827490338e-01 0.00000000000000e+00
27 -5.69494592168300e-01 -6.27941055066861e-02 0.00000000000000e+00
28 -3.13985873868175e-01 2.50302184330491e-01 0.00000000000000e+00
29 6.84017496698612e-02 2.87549206208613e-01 0.00000000000000e+00
30 2.61247133808363e-01 -2.48536046686170e-02 0.00000000000000e+00
31 3.00999945939768e-02 -3.45259003853559e-01 0.00000000000000e+00
32 -1.53366299988365e-01 -4.57236807026525e-02 0.00000000000000e+00
33 -9.56647601917315e-01 2.03649128805319e-01 0.00000000000000e+00
34 -7.93364350448521e-01 5.73273033955639e-01 0.00000000000000e+00
35 -5.12266824452138e-01 8.37792860597128e-01 0.00000000000000e+00
36 -1.69798706881298e-01 9.68135876106735e-01 0.00000000000000e+00
37 2.14639722446761e-01 9.54241788785889e-01 0.00000000000000e+00
38 5.68000046397181e-01 8.02181165795056e-01 0.00000000000000e+00
39 8.20051054059573e-01 5.41645569415492e-01 0.00000000000000e+00
40 9.60822736605969e-01 1.82940620799018e-01 0.00000000000000e+00
41 9.61985865838932e-01 -2.01747043075319e-01 0.00000000000000e+00
42 8.21848899467218e-01 -5.38198332506736e-01 0.00000000000000e+00
43 5.48170798635809e-01 -8.10387338407129e-01 0.00000000000000e+00
44 1.71876425409214e-01 -9.62863487886974e-01 0.00000000000000e+00
45 -2.12799167207915e-01 -9.59601578728972e-01 0.00000000000000e+00
46 -5.57486020514489e-01 -8.05576814758437e-01 0.00000000000000e+00
47 -8.28492991513365e-01 -5.23661430110215e-01 0.00000000000000e+00
48 -9.67258174144933e-01 -1.77960104222108e-01 0.00000000000000e+00
49 -8.29771419772971e-01 1.11806741773604e-01 0.00000000000000e+00
50 -7.86419021690286e-01 3.15455870578923e-01 0.00000000000000e+00
51 -7.02417182714169e-01 4.65102897347315e-01 0.00000000000000e+00
52 -5.82486329328059e-01 6.31077673692316e-01 0.00000000000000e+00
53 -5.75541000569825e-01 3.73260510315600e-01 0.00000000000000e+00
54 -4.21319656717786e-01 7.29622723988804e-01 0.00000000000000e+00
55 -2.41681006708190e-01 7.70481749484223e-01 0.00000000000000e+00
56 -6.03795617476232e-02 8.02279714697342e-01 0.00000000000000e+00
57 -3.11900511584112e-01 5.63766562579411e-01 0.00000000000000e+00
58 1.33873726700801e-01 8.11182631603495e-01 0.00000000000000e+00
59 3.37010711068293e-01 7.65490579069529e-01 0.00000000000000e+00
60 4.87234050651221e-01 6.59122008612662e-01 0.00000000000000e+00
61 6.19914268739087e-02 6.13528504980983e-01 0.00000000000000e+00
62 6.00016969581454e-01 5.09635022538262e-01 0.00000000000000e+00
63 7.01844637660918e-01 3.55467996615564e-01 0.00000000000000e+00
64 3.69027634252567e-01 4.72944435812734e-01 0.00000000000000e+00
65 7.91999710345566e-01 1.86401853448531e-01 0.00000000000000e+00
66 8.30943724812499e-01 -1.81360692452449e-02 0.00000000000000e+00
67 7.93162839578529e-01 -1.98285810425806e-01 0.00000000000000e+00
68 5.71965625867448e-01 1.54391306571301e-01 0.00000000000000e+00
69 6.96900294073010e-01 -3.66357642597780e-01 0.00000000000000e+00
70 5.94544212935266e-01 -5.22659190848637e-01 0.00000000000000e+00
71 5.65858153046577e-01 -1.82746668767706e-01 0.00000000000000e+00
72 4.68471466678414e-01 -6.71643396178587e-01 0.00000000000000e+00
73 2.97149446984749e-01 -7.87530853828123e-01 0.00000000000000e+00
74 3.43522861284207e-01 -4.99802706269631e-01 0.00000000000000e+00
75 9.21770934518195e-02 -8.24119545658433e-01 0.00000000000000e+00
76 -1.19955529347097e-01 -8.25236262524264e-01 0.00000000000000e+00
77 -2.99658768431296e-01 -7.85385661535952e-01 0.00000000000000e+00
78 -4.64642382653671e-01 -6.71211498553729e-01 0.00000000000000e+00
79 5.31749222843854e-03 -6.49903628465412e-01 0.00000000000000e+00
80 -5.70562682440557e-01 -5.27380239633276e-01 0.00000000000000e+00
81 -6.76586039217058e-01 -3.59639017967277e-01 0.00000000000000e+00
82 -3.12735430357364e-01 -5.07189086410791e-01 0.00000000000000e+00
83 -7.52005470229083e-01 -2.09357156975451e-01 0.00000000000000e+00
84 -7.84747296084150e-01 -3.13970527533430e-02 0.00000000000000e+00
85 -6.14518715857121e-01 8.04096890202611e-02 0.00000000000000e+00
86 -4.94075161156275e-01 -2.13075966498512e-01 0.00000000000000e+00
87 -4.02762517730941e-01 3.86604860707242e-01 0.00000000000000e+00
88 -2.23123867721345e-01 4.27463886202661e-01 0.00000000000000e+00
89 -3.19300559523273e-02 4.46087397141722e-01 0.00000000000000e+00
90 1.62323232496097e-01 4.54990314047874e-01 0.00000000000000e+00
91 2.75106151426331e-01 3.05503327973473e-01 0.00000000000000e+00
92 -1.22792062099157e-01 2.68925695269552e-01 0.00000000000000e+00
93 3.71528843495581e-01 1.49301922534858e-01 0.00000000000000e+00
94 4.61683916180229e-01 -1.97642206321743e-02 0.00000000000000e+00
95 3.65421370674711e-01 -1.87836052804149e-01 0.00000000000000e+00
96 1.64824441739112e-01 1.31347800769998e-01 0.00000000000000e+00
97 2.49847801067518e-01 -3.48038752396620e-01 0.00000000000000e+00
98 1.23775054810666e-01 -4.97022957726570e-01 0.00000000000000e+00
99 -8.83575679882507e-02 -4.98139674592401e-01 0.00000000000000e+00
100 1.45673564201170e-01 -1.85056304261088e-01 0.00000000000000e+00
101 -1.94277867775137e-01 -3.54308415671949e-01 0.00000000000000e+00
102 -4.86764356707058e-01 2.36957833938850e-01 0.00000000000000e+00
103 -6.16331526971940e-02 -1.95491342278106e-01 0.00000000000000e+00
104 -2.86011015066307e-01 -2.04540754096495e-01 0.00000000000000e+00
105 -4.41740233018237e-01 9.37540394119025e-02 0.00000000000000e+00
106 -2.33676086928270e-01 1.02289251813919e-01 0.00000000000000e+00
107 -4.24822751592518e-02 1.20912762752980e-01 0.00000000000000e+00
108 5.39404169099990e-02 -3.52886426856347e-02 0.00000000000000e+00
109 -3.61430446078332e-01 -5.42588931046693e-02 0.00000000000000e+00
1 103 1 2 33 
2 103 3 1 34 
3 103 4 3 35 
4 103 5 4 36 
5 103 6 5 37 
6 103 7 6 38 
7 103 8 7 39 
8 103 9 8 40 
9 103 10 9 41 
10 103 11 10 42 
11 103 12 11 43 
12 103 13 12 44 
13 103 14 13 45 
14 103 15 14 46 
15 103 16 15 47 
16 103 2 16 48 
17 206 1 2 17 33 49 50 
18 206 3 1 18 34 51 52 
19 206 1 17 18 50 53 51 
20 206 4 3 18 35 52 54 
21 206 5 4 19 36 55 56 
22 206 4 18 19 54 57 55 
23 206 6 5 20 37 58 59 
24 206 7 6 20 38 59 60 
25 206 5 19 20 56 61 58 
26 206 8 7 21 39 62 63 
27 206 7 20 21 60 64 62 
28 206 9 8 22 40 65 66 
29 206 10 9 22 41 66 67 
30 206 8 21 22 63 68 65 
31 206 11 10 23 42 69 70 
32 206 10 22 23 67 71 69 
33 206 12 11 24 43 72 73 
34 206 11 23 24 70 74 72 
35 206 13 12 24 44 73 75 
36 206 14 13 25 45 76 77 
37 206 15 14 25 46 77 78 
38 206 13 24 25 75 79 76 
39 206 16 15 26 47 80 81 
40 206 15 25 26 78 82 80 
41 206 2 16 27 48 83 84 
42 206 17 2 27 49 84 85 
43 206 16 26 27 81 86 83 
44 206 19 18 28 57 87 88 
45 206 20 19 29 61 89 90 
46 206 21 20 29 64 90 91 
47 206 19 28 29 88 92 89 
48 206 22 21 30 68 93 94 
49 206 23 22 30 71 94 95 
50 206 21 29 30 91 96 93 
51 206 24 23 31 74 97 98 
52 206 25 24 31 79 98 99 
53 206 23 30 31 95 100 97 
54 206 26 25 31 82 99 101 
55 206 18 17 28 53 102 87 
56 206 26 31 32 101 103 104 
57 206 17 27 28 85 105 102 
58 206 28 32 29 106 107 92 
59 206 29 32 30 107 108 96 
60 206 31 30 32 100 108 103 
61 206 27 26 32 86 104 109 
62 206 32 28 27 106 105 109 
