421 2191
1 0.000000e+000 0.000000e+000 1.000000e+000
2 0.000000e+000 0.000000e+000 0.000000e+000
3 0.000000e+000 1.000000e+000 1.000000e+000
4 0.000000e+000 1.000000e+000 0.000000e+000
5 1.000000e+000 0.000000e+000 1.000000e+000
6 1.000000e+000 0.000000e+000 0.000000e+000
7 1.000000e+000 1.000000e+000 1.000000e+000
8 1.000000e+000 1.000000e+000 0.000000e+000
9 0.000000e+000 0.000000e+000 1.666667e-001
10 0.000000e+000 0.000000e+000 3.333333e-001
11 0.000000e+000 0.000000e+000 5.000000e-001
12 0.000000e+000 0.000000e+000 6.666667e-001
13 0.000000e+000 0.000000e+000 8.333333e-001
14 0.000000e+000 1.666667e-001 1.000000e+000
15 0.000000e+000 3.333333e-001 1.000000e+000
16 0.000000e+000 5.000000e-001 1.000000e+000
17 0.000000e+000 6.666667e-001 1.000000e+000
18 0.000000e+000 8.333333e-001 1.000000e+000
19 0.000000e+000 1.000000e+000 1.666667e-001
20 0.000000e+000 1.000000e+000 3.333333e-001
21 0.000000e+000 1.000000e+000 5.000000e-001
22 0.000000e+000 1.000000e+000 6.666667e-001
23 0.000000e+000 1.000000e+000 8.333333e-001
24 0.000000e+000 1.666667e-001 0.000000e+000
25 0.000000e+000 3.333333e-001 0.000000e+000
26 0.000000e+000 5.000000e-001 0.000000e+000
27 0.000000e+000 6.666667e-001 0.000000e+000
28 0.000000e+000 8.333333e-001 0.000000e+000
29 1.000000e+000 0.000000e+000 1.666667e-001
30 1.000000e+000 0.000000e+000 3.333333e-001
31 1.000000e+000 0.000000e+000 5.000000e-001
32 1.000000e+000 0.000000e+000 6.666667e-001
33 1.000000e+000 0.000000e+000 8.333333e-001
34 1.000000e+000 1.666667e-001 1.000000e+000
35 1.000000e+000 3.333333e-001 1.000000e+000
36 1.000000e+000 5.000000e-001 1.000000e+000
37 1.000000e+000 6.666667e-001 1.000000e+000
38 1.000000e+000 8.333333e-001 1.000000e+000
39 1.000000e+000 1.000000e+000 1.666667e-001
40 1.000000e+000 1.000000e+000 3.333333e-001
41 1.000000e+000 1.000000e+000 5.000000e-001
42 1.000000e+000 1.000000e+000 6.666667e-001
43 1.000000e+000 1.000000e+000 8.333333e-001
44 1.000000e+000 1.666667e-001 0.000000e+000
45 1.000000e+000 3.333333e-001 0.000000e+000
46 1.000000e+000 5.000000e-001 0.000000e+000
47 1.000000e+000 6.666667e-001 0.000000e+000
48 1.000000e+000 8.333333e-001 0.000000e+000
49 1.666667e-001 0.000000e+000 0.000000e+000
50 3.333333e-001 0.000000e+000 0.000000e+000
51 5.000000e-001 0.000000e+000 0.000000e+000
52 6.666667e-001 0.000000e+000 0.000000e+000
53 8.333333e-001 0.000000e+000 0.000000e+000
54 1.666667e-001 0.000000e+000 1.000000e+000
55 3.333333e-001 0.000000e+000 1.000000e+000
56 5.000000e-001 0.000000e+000 1.000000e+000
57 6.666667e-001 0.000000e+000 1.000000e+000
58 8.333333e-001 0.000000e+000 1.000000e+000
59 1.666667e-001 1.000000e+000 0.000000e+000
60 3.333333e-001 1.000000e+000 0.000000e+000
61 5.000000e-001 1.000000e+000 0.000000e+000
62 6.666667e-001 1.000000e+000 0.000000e+000
63 8.333333e-001 1.000000e+000 0.000000e+000
64 1.666667e-001 1.000000e+000 1.000000e+000
65 3.333333e-001 1.000000e+000 1.000000e+000
66 5.000000e-001 1.000000e+000 1.000000e+000
67 6.666667e-001 1.000000e+000 1.000000e+000
68 8.333333e-001 1.000000e+000 1.000000e+000
69 0.000000e+000 5.848926e-001 1.490379e-001
70 0.000000e+000 5.848877e-001 8.509886e-001
71 0.000000e+000 8.690920e-001 6.973480e-001
72 0.000000e+000 8.690891e-001 3.026651e-001
73 0.000000e+000 5.863000e-001 4.999906e-001
74 0.000000e+000 2.963523e-001 3.336263e-001
75 0.000000e+000 2.963719e-001 6.663420e-001
76 0.000000e+000 4.326522e-001 8.882798e-001
77 0.000000e+000 7.357938e-001 8.938777e-001
78 0.000000e+000 7.291467e-001 7.578271e-001
79 0.000000e+000 8.624743e-001 8.612324e-001
80 0.000000e+000 4.326505e-001 1.117211e-001
81 0.000000e+000 7.291415e-001 2.420731e-001
82 0.000000e+000 7.357242e-001 1.059011e-001
83 0.000000e+000 8.624621e-001 1.387168e-001
84 0.000000e+000 8.855547e-001 5.000008e-001
85 0.000000e+000 7.314074e-001 4.115977e-001
86 0.000000e+000 5.858329e-001 3.290788e-001
87 0.000000e+000 7.313948e-001 5.881831e-001
88 0.000000e+000 5.858356e-001 6.708681e-001
89 0.000000e+000 4.405583e-001 2.509659e-001
90 0.000000e+000 3.014468e-001 1.720635e-001
91 0.000000e+000 1.580094e-001 9.680054e-002
92 0.000000e+000 1.505952e-001 2.521975e-001
93 0.000000e+000 1.488206e-001 4.168620e-001
94 0.000000e+000 4.405625e-001 7.490239e-001
95 0.000000e+000 3.014633e-001 8.279176e-001
96 0.000000e+000 1.487805e-001 5.832744e-001
97 0.000000e+000 1.505137e-001 7.479403e-001
98 0.000000e+000 1.580352e-001 9.030865e-001
99 0.000000e+000 2.955854e-001 5.000113e-001
100 0.000000e+000 4.410507e-001 5.837673e-001
101 0.000000e+000 4.410360e-001 4.162151e-001
102 1.000000e+000 5.848926e-001 1.490379e-001
103 1.000000e+000 5.848877e-001 8.509886e-001
104 1.000000e+000 8.690920e-001 6.973480e-001
105 1.000000e+000 8.690891e-001 3.026651e-001
106 1.000000e+000 5.863000e-001 4.999906e-001
107 1.000000e+000 2.963523e-001 3.336263e-001
108 1.000000e+000 2.963719e-001 6.663420e-001
109 1.000000e+000 4.326522e-001 8.882798e-001
110 1.000000e+000 7.357938e-001 8.938777e-001
111 1.000000e+000 7.291467e-001 7.578271e-001
112 1.000000e+000 8.624743e-001 8.612324e-001
113 1.000000e+000 4.326505e-001 1.117211e-001
114 1.000000e+000 7.291415e-001 2.420731e-001
115 1.000000e+000 7.357242e-001 1.059011e-001
116 1.000000e+000 8.624621e-001 1.387168e-001
117 1.000000e+000 8.855547e-001 5.000008e-001
118 1.000000e+000 7.314074e-001 4.115977e-001
119 1.000000e+000 5.858329e-001 3.290788e-001
120 1.000000e+000 7.313948e-001 5.881831e-001
121 1.000000e+000 5.858356e-001 6.708681e-001
122 1.000000e+000 4.405583e-001 2.509659e-001
123 1.000000e+000 3.014468e-001 1.720635e-001
124 1.000000e+000 1.580094e-001 9.680054e-002
125 1.000000e+000 1.505952e-001 2.521975e-001
126 1.000000e+000 1.488206e-001 4.168620e-001
127 1.000000e+000 4.405625e-001 7.490239e-001
128 1.000000e+000 3.014633e-001 8.279176e-001
129 1.000000e+000 1.487805e-001 5.832744e-001
130 1.000000e+000 1.505137e-001 7.479403e-001
131 1.000000e+000 1.580352e-001 9.030865e-001
132 1.000000e+000 2.955854e-001 5.000113e-001
133 1.000000e+000 4.410507e-001 5.837673e-001
134 1.000000e+000 4.410360e-001 4.162151e-001
135 4.151074e-001 0.000000e+000 1.490379e-001
136 4.151123e-001 0.000000e+000 8.509886e-001
137 1.309080e-001 0.000000e+000 6.973480e-001
138 1.309109e-001 0.000000e+000 3.026651e-001
139 4.137000e-001 0.000000e+000 4.999906e-001
140 7.036477e-001 0.000000e+000 3.336263e-001
141 7.036281e-001 0.000000e+000 6.663420e-001
142 5.673478e-001 0.000000e+000 8.882798e-001
143 2.642062e-001 0.000000e+000 8.938777e-001
144 2.708533e-001 0.000000e+000 7.578271e-001
145 1.375257e-001 0.000000e+000 8.612324e-001
146 5.673495e-001 0.000000e+000 1.117211e-001
147 2.708585e-001 0.000000e+000 2.420731e-001
148 2.642758e-001 0.000000e+000 1.059011e-001
149 1.375379e-001 0.000000e+000 1.387168e-001
150 1.144453e-001 0.000000e+000 5.000008e-001
151 2.685926e-001 0.000000e+000 4.115977e-001
152 4.141671e-001 0.000000e+000 3.290788e-001
153 2.686052e-001 0.000000e+000 5.881831e-001
154 4.141644e-001 0.000000e+000 6.708681e-001
155 5.594417e-001 0.000000e+000 2.509659e-001
156 6.985532e-001 0.000000e+000 1.720635e-001
157 8.419906e-001 0.000000e+000 9.680054e-002
158 8.494048e-001 0.000000e+000 2.521975e-001
159 8.511794e-001 0.000000e+000 4.168620e-001
160 5.594375e-001 0.000000e+000 7.490239e-001
161 6.985367e-001 0.000000e+000 8.279176e-001
162 8.512195e-001 0.000000e+000 5.832744e-001
163 8.494863e-001 0.000000e+000 7.479403e-001
164 8.419648e-001 0.000000e+000 9.030865e-001
165 7.044146e-001 0.000000e+000 5.000113e-001
166 5.589493e-001 0.000000e+000 5.837673e-001
167 5.589640e-001 0.000000e+000 4.162151e-001
168 4.151074e-001 1.000000e+000 1.490379e-001
169 4.151123e-001 1.000000e+000 8.509886e-001
170 1.309080e-001 1.000000e+000 6.973480e-001
171 1.309109e-001 1.000000e+000 3.026651e-001
172 4.137000e-001 1.000000e+000 4.999906e-001
173 7.036477e-001 1.000000e+000 3.336263e-001
174 7.036281e-001 1.000000e+000 6.663420e-001
175 5.673478e-001 1.000000e+000 8.882798e-001
176 2.642062e-001 1.000000e+000 8.938777e-001
177 2.708533e-001 1.000000e+000 7.578271e-001
178 1.375257e-001 1.000000e+000 8.612324e-001
179 5.673495e-001 1.000000e+000 1.117211e-001
180 2.708585e-001 1.000000e+000 2.420731e-001
181 2.642758e-001 1.000000e+000 1.059011e-001
182 1.375379e-001 1.000000e+000 1.387168e-001
183 1.144453e-001 1.000000e+000 5.000008e-001
184 2.685926e-001 1.000000e+000 4.115977e-001
185 4.141671e-001 1.000000e+000 3.290788e-001
186 2.686052e-001 1.000000e+000 5.881831e-001
187 4.141644e-001 1.000000e+000 6.708681e-001
188 5.594417e-001 1.000000e+000 2.509659e-001
189 6.985532e-001 1.000000e+000 1.720635e-001
190 8.419906e-001 1.000000e+000 9.680054e-002
191 8.494048e-001 1.000000e+000 2.521975e-001
192 8.511794e-001 1.000000e+000 4.168620e-001
193 5.594375e-001 1.000000e+000 7.490239e-001
194 6.985367e-001 1.000000e+000 8.279176e-001
195 8.512195e-001 1.000000e+000 5.832744e-001
196 8.494863e-001 1.000000e+000 7.479403e-001
197 8.419648e-001 1.000000e+000 9.030865e-001
198 7.044146e-001 1.000000e+000 5.000113e-001
199 5.589493e-001 1.000000e+000 5.837673e-001
200 5.589640e-001 1.000000e+000 4.162151e-001
201 1.490379e-001 4.151074e-001 0.000000e+000
202 8.509886e-001 4.151123e-001 0.000000e+000
203 6.973480e-001 1.309080e-001 0.000000e+000
204 3.026651e-001 1.309109e-001 0.000000e+000
205 4.999906e-001 4.137000e-001 0.000000e+000
206 3.336263e-001 7.036477e-001 0.000000e+000
207 6.663420e-001 7.036281e-001 0.000000e+000
208 8.882798e-001 5.673478e-001 0.000000e+000
209 8.938777e-001 2.642062e-001 0.000000e+000
210 7.578271e-001 2.708533e-001 0.000000e+000
211 8.612324e-001 1.375257e-001 0.000000e+000
212 1.117211e-001 5.673495e-001 0.000000e+000
213 2.420731e-001 2.708585e-001 0.000000e+000
214 1.059011e-001 2.642758e-001 0.000000e+000
215 1.387168e-001 1.375379e-001 0.000000e+000
216 5.000008e-001 1.144453e-001 0.000000e+000
217 4.115977e-001 2.685926e-001 0.000000e+000
218 3.290788e-001 4.141671e-001 0.000000e+000
219 5.881831e-001 2.686052e-001 0.000000e+000
220 6.708681e-001 4.141644e-001 0.000000e+000
221 2.509659e-001 5.594417e-001 0.000000e+000
222 1.720635e-001 6.985532e-001 0.000000e+000
223 9.680054e-002 8.419906e-001 0.000000e+000
224 2.521975e-001 8.494048e-001 0.000000e+000
225 4.168620e-001 8.511794e-001 0.000000e+000
226 7.490239e-001 5.594375e-001 0.000000e+000
227 8.279176e-001 6.985367e-001 0.000000e+000
228 5.832744e-001 8.512195e-001 0.000000e+000
229 7.479403e-001 8.494863e-001 0.000000e+000
230 9.030865e-001 8.419648e-001 0.000000e+000
231 5.000113e-001 7.044146e-001 0.000000e+000
232 5.837673e-001 5.589493e-001 0.000000e+000
233 4.162151e-001 5.589640e-001 0.000000e+000
234 1.490379e-001 4.151074e-001 1.000000e+000
235 8.509886e-001 4.151123e-001 1.000000e+000
236 6.973480e-001 1.309080e-001 1.000000e+000
237 3.026651e-001 1.309109e-001 1.000000e+000
238 4.999906e-001 4.137000e-001 1.000000e+000
239 3.336263e-001 7.036477e-001 1.000000e+000
240 6.663420e-001 7.036281e-001 1.000000e+000
241 8.882798e-001 5.673478e-001 1.000000e+000
242 8.938777e-001 2.642062e-001 1.000000e+000
243 7.578271e-001 2.708533e-001 1.000000e+000
244 8.612324e-001 1.375257e-001 1.000000e+000
245 1.117211e-001 5.673495e-001 1.000000e+000
246 2.420731e-001 2.708585e-001 1.000000e+000
247 1.059011e-001 2.642758e-001 1.000000e+000
248 1.387168e-001 1.375379e-001 1.000000e+000
249 5.000008e-001 1.144453e-001 1.000000e+000
250 4.115977e-001 2.685926e-001 1.000000e+000
251 3.290788e-001 4.141671e-001 1.000000e+000
252 5.881831e-001 2.686052e-001 1.000000e+000
253 6.708681e-001 4.141644e-001 1.000000e+000
254 2.509659e-001 5.594417e-001 1.000000e+000
255 1.720635e-001 6.985532e-001 1.000000e+000
256 9.680054e-002 8.419906e-001 1.000000e+000
257 2.521975e-001 8.494048e-001 1.000000e+000
258 4.168620e-001 8.511794e-001 1.000000e+000
259 7.490239e-001 5.594375e-001 1.000000e+000
260 8.279176e-001 6.985367e-001 1.000000e+000
261 5.832744e-001 8.512195e-001 1.000000e+000
262 7.479403e-001 8.494863e-001 1.000000e+000
263 9.030865e-001 8.419648e-001 1.000000e+000
264 5.000113e-001 7.044146e-001 1.000000e+000
265 5.837673e-001 5.589493e-001 1.000000e+000
266 4.162151e-001 5.589640e-001 1.000000e+000
267 3.448231e-001 3.004618e-001 6.635476e-001
268 3.522445e-001 1.287510e-001 6.898834e-001
269 1.773699e-001 2.062672e-001 6.953336e-001
270 1.479914e-001 2.212193e-001 8.649175e-001
271 4.157175e-001 2.880229e-001 2.041729e-001
272 3.807049e-001 7.341240e-001 5.967098e-001
273 1.472654e-001 1.856112e-001 4.944942e-001
274 3.178306e-001 1.920344e-001 3.045864e-001
275 8.046209e-001 2.885449e-001 1.978129e-001
276 7.929225e-001 7.037524e-001 2.582399e-001
277 4.592457e-001 6.298706e-001 1.575351e-001
278 1.607149e-001 1.746454e-001 3.177365e-001
279 6.853438e-001 6.866431e-001 5.269415e-001
280 8.077144e-001 2.958530e-001 6.191224e-001
281 3.536686e-001 3.860696e-001 8.374339e-001
282 1.642038e-001 6.417531e-001 8.498616e-001
283 1.730782e-001 3.941751e-001 8.566491e-001
284 1.724919e-001 4.107050e-001 6.757261e-001
285 3.007641e-001 2.098253e-001 8.389554e-001
286 2.284925e-001 8.545968e-001 8.559513e-001
287 3.682978e-001 7.652795e-001 8.571707e-001
288 3.472090e-001 8.581495e-001 6.887364e-001
289 1.514757e-001 8.282712e-001 6.080367e-001
290 3.332260e-001 5.947614e-001 8.812737e-001
291 3.246369e-001 5.989440e-001 7.030276e-001
292 1.191660e-001 5.734849e-001 7.155772e-001
293 1.492339e-001 5.725994e-001 5.327263e-001
294 1.585768e-001 3.861679e-001 1.419239e-001
295 3.099073e-001 4.084256e-001 1.709819e-001
296 2.918382e-001 6.448020e-001 1.644963e-001
297 1.397773e-001 5.835781e-001 1.548556e-001
298 1.614011e-001 2.343717e-001 1.524042e-001
299 1.792565e-001 3.542975e-001 3.498278e-001
300 2.050259e-001 8.338787e-001 1.424116e-001
301 3.833523e-001 7.858878e-001 1.387911e-001
302 1.964406e-001 8.013469e-001 3.573234e-001
303 3.611575e-001 5.502611e-001 3.105590e-001
304 1.601800e-001 5.638655e-001 3.406451e-001
305 3.697933e-001 8.130176e-001 3.162872e-001
306 3.269421e-001 6.600911e-001 4.752126e-001
307 1.599262e-001 3.475903e-001 5.397748e-001
308 3.027429e-001 8.616166e-001 4.998301e-001
309 3.774633e-001 3.594801e-001 3.276105e-001
310 5.288129e-001 4.250848e-001 3.539211e-001
311 5.148312e-001 2.159720e-001 3.652414e-001
312 3.464796e-001 1.769723e-001 1.503313e-001
313 5.303174e-001 4.289342e-001 8.434499e-001
314 3.087848e-001 2.078134e-001 4.923443e-001
315 3.738464e-001 4.359428e-001 5.002781e-001
316 7.082849e-001 1.447268e-001 6.734016e-001
317 8.619489e-001 2.095477e-001 7.121830e-001
318 8.456975e-001 4.081633e-001 7.069560e-001
319 8.476872e-001 1.892432e-001 5.311015e-001
320 6.922977e-001 1.407237e-001 5.002095e-001
321 8.747080e-001 3.954423e-001 5.197075e-001
322 8.427089e-001 2.036385e-001 3.463352e-001
323 8.507007e-001 1.829409e-001 1.496859e-001
324 8.747541e-001 3.628047e-001 8.745932e-001
325 8.185509e-001 1.745236e-001 8.557520e-001
326 8.501598e-001 7.956457e-001 8.367620e-001
327 6.742527e-001 8.241459e-001 8.319149e-001
328 8.769760e-001 5.853557e-001 8.528254e-001
329 8.324827e-001 7.996320e-001 6.607414e-001
330 8.579479e-001 5.860083e-001 6.188267e-001
331 7.167564e-001 6.319897e-001 8.822107e-001
332 6.919182e-001 5.961606e-001 7.147288e-001
333 8.545766e-001 6.019415e-001 3.903888e-001
334 8.447606e-001 4.240355e-001 1.826820e-001
335 6.997483e-001 4.221384e-001 1.325151e-001
336 8.499171e-001 6.128916e-001 1.463423e-001
337 8.648552e-001 3.810949e-001 3.395922e-001
338 8.627766e-001 8.086413e-001 1.641592e-001
339 6.969822e-001 8.323134e-001 1.701193e-001
340 8.439799e-001 8.341142e-001 3.165046e-001
341 6.466948e-001 6.393123e-001 1.556203e-001
342 6.745381e-001 7.990184e-001 3.566149e-001
343 8.406070e-001 8.058103e-001 4.867916e-001
344 6.852366e-001 8.749103e-001 6.571678e-001
345 6.988728e-001 8.759808e-001 4.952023e-001
346 6.867682e-001 3.281651e-001 3.071371e-001
347 6.924528e-001 1.123543e-001 3.383357e-001
348 6.797511e-001 1.919146e-001 1.783640e-001
349 6.887697e-001 3.169441e-001 7.239292e-001
350 7.127421e-001 4.262197e-001 8.720461e-001
351 6.454681e-001 1.758918e-001 8.443239e-001
352 6.817037e-001 3.884584e-001 5.138318e-001
353 4.880279e-001 1.867540e-001 8.014077e-001
354 2.037758e-001 9.906721e-002 8.780481e-001
355 4.992717e-001 1.624349e-001 1.673390e-001
356 5.201340e-001 4.140101e-001 1.634959e-001
357 2.293194e-001 1.028069e-001 1.171379e-001
358 5.114891e-001 1.817296e-001 5.873747e-001
359 5.129059e-001 8.378305e-001 8.511469e-001
360 5.252218e-001 7.801867e-001 6.948012e-001
361 5.305058e-001 8.184468e-001 1.581086e-001
362 5.048646e-001 8.755930e-001 3.336720e-001
363 5.038879e-001 8.214293e-001 5.144547e-001
364 6.992482e-001 5.302503e-001 3.034827e-001
365 5.075041e-001 6.012874e-001 6.019659e-001
366 5.263555e-001 6.374328e-001 3.648896e-001
367 5.413899e-001 6.378015e-001 8.445931e-001
368 5.082600e-001 3.875465e-001 6.640246e-001
369 8.057207e-002 8.999586e-001 8.104695e-002
370 8.165749e-002 8.931935e-001 4.072389e-001
371 9.197839e-001 8.064777e-002 7.901072e-001
372 4.329384e-001 9.128905e-001 7.271623e-002
373 6.459418e-002 5.963077e-001 6.755805e-002
374 9.246665e-001 9.224483e-001 2.605579e-001
375 9.246694e-001 8.440951e-002 2.503565e-001
376 9.042674e-001 3.447428e-001 8.610871e-002
377 4.310781e-001 9.145579e-001 9.277239e-001
378 5.572755e-001 9.588542e-002 9.236340e-001
379 9.187399e-001 9.047954e-001 5.695227e-001
380 7.059869e-002 6.294803e-001 9.303184e-001
381 7.840513e-001 9.122858e-001 9.559728e-002
382 8.179737e-002 7.560823e-002 9.229259e-001
383 9.339184e-001 2.204436e-001 6.831214e-002
384 8.860324e-002 9.913559e-002 8.011575e-001
385 3.774986e-001 9.829967e-002 8.894534e-001
386 6.060570e-001 9.699306e-002 9.609255e-002
387 9.980192e-002 9.621094e-002 2.060821e-001
388 7.818799e-001 9.092350e-001 9.042946e-001
389 8.521280e-002 9.066555e-001 9.052646e-001
390 9.269286e-001 7.666007e-001 9.315470e-001
391 9.273197e-001 2.236556e-001 9.305520e-001
392 9.305962e-001 7.725576e-001 6.978004e-002
393 9.735583e-002 8.969783e-001 7.823059e-001
394 1.050183e-001 9.033853e-001 2.332452e-001
395 7.859889e-002 4.338309e-001 6.482679e-002
396 9.101705e-001 9.540347e-002 7.294553e-002
397 9.193593e-001 9.017576e-001 4.103613e-001
398 6.307593e-001 9.187499e-001 6.799249e-002
399 9.166848e-001 9.086564e-001 1.002632e-001
400 9.238155e-001 8.486751e-002 4.599844e-001
401 7.801625e-001 7.468245e-002 9.359159e-001
402 9.140594e-001 9.064049e-001 8.987309e-001
403 6.254465e-001 9.170820e-001 9.316196e-001
404 9.247275e-001 5.078361e-001 9.695547e-002
405 7.146896e-002 3.826830e-001 9.358621e-001
406 8.608346e-002 8.931738e-002 5.883368e-001
407 4.267269e-001 8.704574e-002 7.995814e-002
408 9.114125e-002 1.596963e-001 9.277598e-001
409 9.212394e-001 9.179751e-001 7.355352e-001
410 6.986676e-002 2.835102e-001 8.518623e-002
411 7.645357e-001 9.999266e-002 8.865804e-002
412 9.067414e-001 9.214514e-002 9.275165e-001
413 9.142912e-002 7.803221e-001 9.076337e-001
414 9.402462e-002 5.092725e-001 8.963167e-001
415 6.780940e-001 8.074633e-002 9.111924e-001
416 8.345677e-002 8.638979e-002 3.951655e-001
417 9.088339e-001 9.140728e-002 6.352321e-001
418 6.657439e-002 2.632565e-001 9.200438e-001
419 9.357821e-002 7.448900e-001 6.452352e-002
420 8.535918e-002 7.544006e-002 7.847460e-002
421 9.609352e-002 1.609718e-001 7.905203e-002
1 102 2 9 
2 102 9 10 
3 102 10 11 
4 102 11 12 
5 102 12 13 
6 102 13 1 
7 102 1 14 
8 102 14 15 
9 102 15 16 
10 102 16 17 
11 102 17 18 
12 102 18 3 
13 102 4 19 
14 102 19 20 
15 102 20 21 
16 102 21 22 
17 102 22 23 
18 102 23 3 
19 102 2 24 
20 102 24 25 
21 102 25 26 
22 102 26 27 
23 102 27 28 
24 102 28 4 
25 102 6 29 
26 102 29 30 
27 102 30 31 
28 102 31 32 
29 102 32 33 
30 102 33 5 
31 102 5 34 
32 102 34 35 
33 102 35 36 
34 102 36 37 
35 102 37 38 
36 102 38 7 
37 102 8 39 
38 102 39 40 
39 102 40 41 
40 102 41 42 
41 102 42 43 
42 102 43 7 
43 102 6 44 
44 102 44 45 
45 102 45 46 
46 102 46 47 
47 102 47 48 
48 102 48 8 
49 102 2 49 
50 102 49 50 
51 102 50 51 
52 102 51 52 
53 102 52 53 
54 102 53 6 
55 102 1 54 
56 102 54 55 
57 102 55 56 
58 102 56 57 
59 102 57 58 
60 102 58 5 
61 102 4 59 
62 102 59 60 
63 102 60 61 
64 102 61 62 
65 102 62 63 
66 102 63 8 
67 102 3 64 
68 102 64 65 
69 102 65 66 
70 102 66 67 
71 102 67 68 
72 102 68 7 
73 203 12 97 96 
74 203 11 96 93 
75 203 92 9 10 
76 203 9 91 2 
77 203 93 10 11 
78 203 76 15 16 
79 203 98 15 95 
80 203 76 16 70 
81 203 78 70 77 
82 203 71 78 79 
83 203 77 79 78 
84 203 23 71 79 
85 203 71 23 22 
86 203 79 3 23 
87 203 18 3 79 
88 203 77 70 17 
89 203 77 18 79 
90 203 77 17 18 
91 203 16 17 70 
92 203 80 69 26 
93 203 80 25 90 
94 203 80 26 25 
95 203 27 26 69 
96 203 82 69 81 
97 203 83 81 72 
98 203 83 28 82 
99 203 81 83 82 
100 203 84 20 72 
101 203 83 4 28 
102 203 19 72 20 
103 203 72 19 83 
104 203 82 28 27 
105 203 4 83 19 
106 203 82 27 69 
107 203 20 84 21 
108 203 84 22 21 
109 203 85 72 81 
110 203 22 84 71 
111 203 86 81 69 
112 203 73 85 86 
113 203 81 86 85 
114 203 78 71 87 
115 203 88 87 73 
116 203 70 78 88 
117 203 87 88 78 
118 203 85 73 87 
119 203 84 87 71 
120 203 72 85 84 
121 203 87 84 85 
122 203 89 69 80 
123 203 74 89 90 
124 203 80 90 89 
125 203 25 91 90 
126 203 2 91 24 
127 203 93 74 92 
128 203 92 10 93 
129 203 91 9 92 
130 203 90 92 74 
131 203 91 25 24 
132 203 92 90 91 
133 203 76 70 94 
134 203 95 94 75 
135 203 76 95 15 
136 203 94 95 76 
137 203 97 75 96 
138 203 13 97 12 
139 203 12 96 11 
140 203 13 98 97 
141 203 98 1 14 
142 203 98 13 1 
143 203 15 98 14 
144 203 75 97 95 
145 203 98 95 97 
146 203 99 96 75 
147 203 74 93 99 
148 203 96 99 93 
149 203 100 75 94 
150 203 88 94 70 
151 203 73 100 88 
152 203 94 88 100 
153 203 89 74 101 
154 203 86 101 73 
155 203 69 89 86 
156 203 101 86 89 
157 203 100 73 101 
158 203 99 101 74 
159 203 75 100 99 
160 203 101 99 100 
161 203 32 129 130 
162 203 31 126 129 
163 203 125 30 29 
164 203 29 6 124 
165 203 126 31 30 
166 203 109 36 35 
167 203 131 128 35 
168 203 109 103 36 
169 203 111 110 103 
170 203 104 112 111 
171 203 110 111 112 
172 203 43 112 104 
173 203 104 42 43 
174 203 112 43 7 
175 203 38 112 7 
176 203 110 37 103 
177 203 110 112 38 
178 203 110 38 37 
179 203 36 103 37 
180 203 113 46 102 
181 203 113 123 45 
182 203 113 45 46 
183 203 47 102 46 
184 203 115 114 102 
185 203 116 105 114 
186 203 116 115 48 
187 203 114 115 116 
188 203 117 105 40 
189 203 116 48 8 
190 203 39 40 105 
191 203 105 116 39 
192 203 115 47 48 
193 203 8 39 116 
194 203 115 102 47 
195 203 40 41 117 
196 203 117 41 42 
197 203 118 114 105 
198 203 42 104 117 
199 203 119 102 114 
200 203 106 119 118 
201 203 114 118 119 
202 203 111 120 104 
203 203 121 106 120 
204 203 103 121 111 
205 203 120 111 121 
206 203 118 120 106 
207 203 117 104 120 
208 203 105 117 118 
209 203 120 118 117 
210 203 122 113 102 
211 203 107 123 122 
212 203 113 122 123 
213 203 45 123 124 
214 203 6 44 124 
215 203 126 125 107 
216 203 125 126 30 
217 203 124 125 29 
218 203 123 107 125 
219 203 124 44 45 
220 203 125 124 123 
221 203 109 127 103 
222 203 128 108 127 
223 203 109 35 128 
224 203 127 109 128 
225 203 130 129 108 
226 203 33 32 130 
227 203 32 31 129 
228 203 33 130 131 
229 203 131 34 5 
230 203 131 5 33 
231 203 35 34 131 
232 203 108 128 130 
233 203 131 130 128 
234 203 132 108 129 
235 203 107 132 126 
236 203 129 126 132 
237 203 133 127 108 
238 203 121 103 127 
239 203 106 121 133 
240 203 127 133 121 
241 203 122 134 107 
242 203 119 106 134 
243 203 102 119 122 
244 203 134 122 119 
245 203 133 134 106 
246 203 132 107 134 
247 203 108 132 133 
248 203 134 133 132 
249 203 32 163 162 
250 203 31 162 159 
251 203 158 29 30 
252 203 6 157 53 
253 203 159 30 31 
254 203 142 57 56 
255 203 164 57 161 
256 203 142 56 136 
257 203 144 136 143 
258 203 137 144 145 
259 203 143 145 144 
260 203 13 137 145 
261 203 137 13 12 
262 203 145 1 13 
263 203 54 1 145 
264 203 143 136 55 
265 203 143 54 145 
266 203 143 55 54 
267 203 56 55 136 
268 203 146 135 51 
269 203 146 52 156 
270 203 146 51 52 
271 203 50 51 135 
272 203 148 135 147 
273 203 149 147 138 
274 203 149 49 148 
275 203 147 149 148 
276 203 150 10 138 
277 203 149 2 49 
278 203 9 138 10 
279 203 138 9 149 
280 203 148 49 50 
281 203 2 149 9 
282 203 148 50 135 
283 203 10 150 11 
284 203 150 12 11 
285 203 151 138 147 
286 203 12 150 137 
287 203 152 147 135 
288 203 139 151 152 
289 203 147 152 151 
290 203 144 137 153 
291 203 154 153 139 
292 203 136 144 154 
293 203 153 154 144 
294 203 151 139 153 
295 203 150 153 137 
296 203 138 151 150 
297 203 153 150 151 
298 203 155 135 146 
299 203 140 155 156 
300 203 146 156 155 
301 203 52 157 156 
302 203 29 157 6 
303 203 159 140 158 
304 203 158 30 159 
305 203 157 29 158 
306 203 156 158 140 
307 203 157 52 53 
308 203 158 156 157 
309 203 142 136 160 
310 203 161 160 141 
311 203 142 161 57 
312 203 160 161 142 
313 203 163 141 162 
314 203 33 163 32 
315 203 32 162 31 
316 203 33 164 163 
317 203 164 5 58 
318 203 164 33 5 
319 203 57 164 58 
320 203 141 163 161 
321 203 164 161 163 
322 203 165 162 141 
323 203 140 159 165 
324 203 162 165 159 
325 203 166 141 160 
326 203 154 160 136 
327 203 139 166 154 
328 203 160 154 166 
329 203 155 140 167 
330 203 152 167 139 
331 203 135 155 152 
332 203 167 152 155 
333 203 166 139 167 
334 203 165 167 140 
335 203 141 166 165 
336 203 167 165 166 
337 203 42 195 196 
338 203 41 192 195 
339 203 191 40 39 
340 203 8 63 190 
341 203 192 41 40 
342 203 175 66 67 
343 203 197 194 67 
344 203 175 169 66 
345 203 177 176 169 
346 203 170 178 177 
347 203 176 177 178 
348 203 23 178 170 
349 203 170 22 23 
350 203 178 23 3 
351 203 64 178 3 
352 203 176 65 169 
353 203 176 178 64 
354 203 176 64 65 
355 203 66 169 65 
356 203 179 61 168 
357 203 179 189 62 
358 203 179 62 61 
359 203 60 168 61 
360 203 181 180 168 
361 203 182 171 180 
362 203 182 181 59 
363 203 180 181 182 
364 203 183 171 20 
365 203 182 59 4 
366 203 19 20 171 
367 203 171 182 19 
368 203 181 60 59 
369 203 4 19 182 
370 203 181 168 60 
371 203 20 21 183 
372 203 183 21 22 
373 203 184 180 171 
374 203 22 170 183 
375 203 185 168 180 
376 203 172 185 184 
377 203 180 184 185 
378 203 177 186 170 
379 203 187 172 186 
380 203 169 187 177 
381 203 186 177 187 
382 203 184 186 172 
383 203 183 170 186 
384 203 171 183 184 
385 203 186 184 183 
386 203 188 179 168 
387 203 173 189 188 
388 203 179 188 189 
389 203 62 189 190 
390 203 39 8 190 
391 203 192 191 173 
392 203 191 192 40 
393 203 190 191 39 
394 203 189 173 191 
395 203 190 63 62 
396 203 191 190 189 
397 203 175 193 169 
398 203 194 174 193 
399 203 175 67 194 
400 203 193 175 194 
401 203 196 195 174 
402 203 43 42 196 
403 203 42 41 195 
404 203 43 196 197 
405 203 197 68 7 
406 203 197 7 43 
407 203 67 68 197 
408 203 174 194 196 
409 203 197 196 194 
410 203 198 174 195 
411 203 173 198 192 
412 203 195 192 198 
413 203 199 193 174 
414 203 187 169 193 
415 203 172 187 199 
416 203 193 199 187 
417 203 188 200 173 
418 203 185 172 200 
419 203 168 185 188 
420 203 200 188 185 
421 203 199 200 172 
422 203 198 173 200 
423 203 174 198 199 
424 203 200 199 198 
425 203 62 229 228 
426 203 61 228 225 
427 203 224 59 60 
428 203 4 223 28 
429 203 225 60 61 
430 203 208 47 46 
431 203 230 47 227 
432 203 208 46 202 
433 203 210 202 209 
434 203 203 210 211 
435 203 209 211 210 
436 203 53 203 211 
437 203 203 53 52 
438 203 211 6 53 
439 203 44 6 211 
440 203 209 202 45 
441 203 209 44 211 
442 203 209 45 44 
443 203 46 45 202 
444 203 212 201 26 
445 203 212 27 222 
446 203 212 26 27 
447 203 25 26 201 
448 203 214 201 213 
449 203 215 213 204 
450 203 215 24 214 
451 203 213 215 214 
452 203 216 50 204 
453 203 215 2 24 
454 203 49 204 50 
455 203 204 49 215 
456 203 214 24 25 
457 203 2 215 49 
458 203 214 25 201 
459 203 50 216 51 
460 203 216 52 51 
461 203 217 204 213 
462 203 52 216 203 
463 203 218 213 201 
464 203 205 217 218 
465 203 213 218 217 
466 203 210 203 219 
467 203 220 219 205 
468 203 202 210 220 
469 203 219 220 210 
470 203 217 205 219 
471 203 216 219 203 
472 203 204 217 216 
473 203 219 216 217 
474 203 221 201 212 
475 203 206 221 222 
476 203 212 222 221 
477 203 27 223 222 
478 203 59 223 4 
479 203 225 206 224 
480 203 224 60 225 
481 203 223 59 224 
482 203 222 224 206 
483 203 223 27 28 
484 203 224 222 223 
485 203 208 202 226 
486 203 227 226 207 
487 203 208 227 47 
488 203 226 227 208 
489 203 229 207 228 
490 203 63 229 62 
491 203 62 228 61 
492 203 63 230 229 
493 203 230 8 48 
494 203 230 63 8 
495 203 47 230 48 
496 203 207 229 227 
497 203 230 227 229 
498 203 231 228 207 
499 203 206 225 231 
500 203 228 231 225 
501 203 232 207 226 
502 203 220 226 202 
503 203 205 232 220 
504 203 226 220 232 
505 203 221 206 233 
506 203 218 233 205 
507 203 201 221 218 
508 203 233 218 221 
509 203 232 205 233 
510 203 231 233 206 
511 203 207 232 231 
512 203 233 231 232 
513 203 67 261 262 
514 203 66 258 261 
515 203 257 65 64 
516 203 3 18 256 
517 203 258 66 65 
518 203 241 36 37 
519 203 263 260 37 
520 203 241 235 36 
521 203 243 242 235 
522 203 236 244 243 
523 203 242 243 244 
524 203 58 244 236 
525 203 236 57 58 
526 203 244 58 5 
527 203 34 244 5 
528 203 242 35 235 
529 203 242 244 34 
530 203 242 34 35 
531 203 36 235 35 
532 203 245 16 234 
533 203 245 255 17 
534 203 245 17 16 
535 203 15 234 16 
536 203 247 246 234 
537 203 248 237 246 
538 203 248 247 14 
539 203 246 247 248 
540 203 249 237 55 
541 203 248 14 1 
542 203 54 55 237 
543 203 237 248 54 
544 203 247 15 14 
545 203 1 54 248 
546 203 247 234 15 
547 203 55 56 249 
548 203 249 56 57 
549 203 250 246 237 
550 203 57 236 249 
551 203 251 234 246 
552 203 238 251 250 
553 203 246 250 251 
554 203 243 252 236 
555 203 253 238 252 
556 203 235 253 243 
557 203 252 243 253 
558 203 250 252 238 
559 203 249 236 252 
560 203 237 249 250 
561 203 252 250 249 
562 203 254 245 234 
563 203 239 255 254 
564 203 245 254 255 
565 203 17 255 256 
566 203 64 3 256 
567 203 258 257 239 
568 203 257 258 65 
569 203 256 257 64 
570 203 255 239 257 
571 203 256 18 17 
572 203 257 256 255 
573 203 241 259 235 
574 203 260 240 259 
575 203 241 37 260 
576 203 259 241 260 
577 203 262 261 240 
578 203 68 67 262 
579 203 67 66 261 
580 203 68 262 263 
581 203 263 38 7 
582 203 263 7 68 
583 203 37 38 263 
584 203 240 260 262 
585 203 263 262 260 
586 203 264 240 261 
587 203 239 264 258 
588 203 261 258 264 
589 203 265 259 240 
590 203 253 235 259 
591 203 238 253 265 
592 203 259 265 253 
593 203 254 266 239 
594 203 251 238 266 
595 203 234 251 254 
596 203 266 254 251 
597 203 265 266 238 
598 203 264 239 266 
599 203 240 264 265 
600 203 266 265 264 
601 304 360 287 288 359 
602 304 127 324 109 128 
603 304 182 369 59 4 
604 304 244 243 236 325 
605 304 338 229 227 230 
606 304 408 384 354 270 
607 304 403 262 327 261 
608 304 232 356 233 277 
609 304 300 223 224 59 
610 304 22 289 71 393 
611 304 85 81 304 302 
612 304 288 360 187 363 
613 304 72 19 394 20 
614 304 115 338 336 392 
615 304 304 294 299 295 
616 304 183 308 289 186 
617 304 304 297 295 296 
618 304 309 274 295 299 
619 304 375 126 400 322 
620 304 358 268 267 353 
621 304 301 206 231 225 
622 304 298 294 295 299 
623 304 327 262 260 240 
624 304 130 417 371 32 
625 304 274 299 298 295 
626 304 168 60 300 372 
627 304 26 27 373 69 
628 304 316 358 349 353 
629 304 374 105 39 116 
630 304 274 298 312 295 
631 304 111 112 110 326 
632 304 337 322 321 132 
633 304 25 80 26 395 
634 304 375 124 396 29 
635 304 410 80 25 395 
636 304 330 127 133 318 
637 304 164 161 163 325 
638 304 337 107 322 132 
639 304 410 80 395 294 
640 304 173 340 339 342 
641 304 376 46 45 113 
642 304 101 100 293 307 
643 304 298 410 421 214 
644 304 298 299 274 278 
645 304 330 133 321 318 
646 304 400 159 31 30 
647 304 335 232 341 356 
648 304 317 316 349 325 
649 304 282 77 70 78 
650 304 320 159 162 319 
651 304 335 202 226 220 
652 304 267 307 314 315 
653 304 335 232 356 220 
654 304 252 243 350 351 
655 304 375 124 29 125 
656 304 124 396 6 44 
657 304 134 337 321 132 
658 304 243 351 236 325 
659 304 144 385 143 354 
660 304 277 303 305 366 
661 304 301 305 277 296 
662 304 219 335 210 348 
663 304 310 364 352 366 
664 304 161 351 415 142 
665 304 376 275 334 123 
666 304 335 232 220 226 
667 304 347 158 159 322 
668 304 301 277 305 361 
669 304 169 287 377 359 
670 304 74 90 278 299 
671 304 169 66 175 377 
672 304 411 396 53 157 
673 304 328 111 121 103 
674 304 305 361 366 362 
675 304 261 264 359 258 
676 304 341 277 366 356 
677 304 57 378 56 142 
678 304 3 389 79 18 
679 304 289 272 308 306 
680 304 410 24 421 214 
681 304 355 216 219 217 
682 304 41 379 117 397 
683 304 169 359 377 175 
684 304 133 132 321 108 
685 304 59 300 181 60 
686 304 17 16 380 70 
687 304 358 316 160 353 
688 304 261 327 359 240 
689 304 17 77 70 380 
690 304 381 339 229 398 
691 304 132 319 321 108 
692 304 70 414 16 380 
693 304 199 344 345 363 
694 304 319 129 108 132 
695 304 348 158 156 347 
696 304 77 282 70 380 
697 304 272 360 288 363 
698 304 67 66 261 403 
699 304 252 378 236 351 
700 304 111 328 329 326 
701 304 350 243 252 253 
702 304 338 276 114 336 
703 304 63 381 190 399 
704 304 232 341 207 226 
705 304 355 155 135 152 
706 304 410 80 294 90 
707 304 348 210 219 203 
708 304 375 126 322 125 
709 304 90 298 294 410 
710 304 328 350 235 324 
711 304 351 350 349 325 
712 304 328 331 260 259 
713 304 413 282 255 286 
714 304 368 365 315 352 
715 304 410 24 214 25 
716 304 283 281 284 269 
717 304 290 287 255 282 
718 304 388 402 196 326 
719 304 193 327 175 194 
720 304 393 413 389 286 
721 304 62 61 179 398 
722 304 108 280 319 321 
723 304 104 111 329 326 
724 304 6 124 29 396 
725 304 159 320 322 319 
726 304 199 360 344 363 
727 304 106 321 333 330 
728 304 360 287 359 367 
729 304 126 400 31 30 
730 304 119 102 114 336 
731 304 292 100 284 293 
732 304 247 248 246 270 
733 304 272 360 363 365 
734 304 109 328 36 324 
735 304 40 105 39 374 
736 304 403 262 261 67 
737 304 272 288 308 363 
738 304 118 397 340 105 
739 304 334 364 346 335 
740 304 341 231 277 232 
741 304 237 270 248 354 
742 304 290 239 266 254 
743 304 368 358 349 352 
744 304 254 414 234 283 
745 304 394 83 369 19 
746 304 92 416 278 387 
747 304 109 328 324 127 
748 304 57 161 164 401 
749 304 292 414 70 282 
750 304 176 169 177 286 
751 304 283 418 405 247 
752 304 364 341 342 366 
753 304 420 24 215 421 
754 304 54 354 382 145 
755 304 346 337 352 364 
756 304 79 413 18 389 
757 304 268 385 285 353 
758 304 375 124 125 323 
759 304 396 124 383 44 
760 304 330 111 328 329 
761 304 130 33 371 131 
762 304 264 290 266 367 
763 304 420 215 357 421 
764 304 412 34 391 131 
765 304 109 328 127 103 
766 304 287 239 264 290 
767 304 238 251 250 281 
768 304 394 83 19 72 
769 304 219 386 348 203 
770 304 304 81 85 86 
771 304 341 231 232 207 
772 304 196 388 326 327 
773 304 146 52 156 386 
774 304 307 99 273 299 
775 304 314 309 315 299 
776 304 205 232 220 356 
777 304 289 272 306 291 
778 304 267 368 291 315 
779 304 411 52 156 157 
780 304 281 267 291 284 
781 304 318 349 280 352 
782 304 70 292 282 78 
783 304 304 293 85 302 
784 304 281 267 284 269 
785 304 83 369 19 4 
786 304 144 269 285 354 
787 304 74 273 278 93 
788 304 293 87 85 289 
789 304 347 140 155 167 
790 304 306 289 291 293 
791 304 214 215 24 421 
792 304 387 421 420 357 
793 304 287 239 257 258 
794 304 393 413 286 78 
795 304 95 75 284 94 
796 304 255 290 282 254 
797 304 22 289 393 170 
798 304 255 380 245 282 
799 304 210 411 348 323 
800 304 99 307 273 75 
801 304 292 78 87 289 
802 304 420 24 421 91 
803 304 334 364 335 336 
804 304 288 186 187 177 
805 304 87 78 292 88 
806 304 21 289 370 84 
807 304 13 384 97 12 
808 304 55 385 143 136 
809 304 354 237 54 248 
810 304 97 406 12 384 
811 304 267 358 315 314 
812 304 354 143 145 54 
813 304 139 268 153 314 
814 304 235 350 259 253 
815 304 341 231 207 361 
816 304 348 411 386 156 
817 304 335 341 364 356 
818 304 338 105 374 116 
819 304 106 321 330 133 
820 304 118 397 105 117 
821 304 309 271 356 295 
822 304 191 381 339 338 
823 304 158 348 323 322 
824 304 215 298 357 421 
825 304 298 214 421 215 
826 304 412 58 401 244 
827 304 228 339 207 361 
828 304 122 404 336 334 
829 304 33 32 130 371 
830 304 228 372 398 361 
831 304 398 339 361 179 
832 304 210 211 323 209 
833 304 52 203 53 411 
834 304 122 404 334 113 
835 304 346 320 352 322 
836 304 294 298 295 213 
837 304 115 338 116 114 
838 304 341 276 336 364 
839 304 271 309 274 295 
840 304 217 356 219 355 
841 304 365 360 332 367 
842 304 355 152 135 312 
843 304 293 100 101 73 
844 304 348 355 356 311 
845 304 328 111 103 110 
846 304 118 333 114 340 
847 304 348 346 322 347 
848 304 347 320 322 159 
849 304 274 355 271 312 
850 304 115 338 114 336 
851 304 158 411 323 348 
852 304 307 75 284 269 
853 304 244 412 325 401 
854 304 315 365 366 352 
855 304 355 271 356 311 
856 304 412 58 244 5 
857 304 165 320 162 141 
858 304 152 147 312 274 
859 304 13 382 384 145 
860 304 210 411 323 211 
861 304 151 150 273 153 
862 304 92 9 387 91 
863 304 148 147 357 135 
864 304 254 414 283 282 
865 304 210 411 211 203 
866 304 165 320 167 347 
867 304 140 165 167 347 
868 304 271 309 311 274 
869 304 194 67 388 403 
870 304 228 372 61 398 
871 304 162 400 159 31 
872 304 382 354 384 145 
873 304 210 335 220 202 
874 304 374 397 340 192 
875 304 199 200 363 345 
876 304 125 323 123 322 
877 304 275 123 337 334 
878 304 200 362 363 342 
879 304 387 9 420 91 
880 304 333 334 364 337 
881 304 370 72 394 20 
882 304 337 333 352 364 
883 304 333 134 337 321 
884 304 320 316 358 352 
885 304 330 106 133 121 
886 304 264 261 359 240 
887 304 120 379 104 329 
888 304 267 315 291 284 
889 304 105 338 374 340 
890 304 313 351 349 353 
891 304 118 120 333 343 
892 304 402 409 43 196 
893 304 318 133 321 108 
894 304 399 374 191 39 
895 304 330 106 121 120 
896 304 85 370 302 289 
897 304 81 394 83 300 
898 304 198 344 195 345 
899 304 318 330 332 352 
900 304 279 343 329 345 
901 304 184 180 305 185 
902 304 155 355 311 152 
903 304 360 327 367 359 
904 304 316 351 349 325 
905 304 114 333 118 119 
906 304 198 344 345 199 
907 304 279 344 363 345 
908 304 343 330 279 329 
909 304 305 168 300 301 
910 304 13 382 145 1 
911 304 223 369 419 28 
912 304 143 354 145 144 
913 304 327 326 329 332 
914 304 256 286 255 257 
915 304 270 384 354 269 
916 304 283 292 284 291 
917 304 276 338 114 340 
918 304 369 223 419 300 
919 304 378 249 385 353 
920 304 277 206 301 296 
921 304 221 294 295 218 
922 304 413 78 282 286 
923 304 276 333 364 342 
924 304 345 192 342 343 
925 304 267 285 281 353 
926 304 313 351 353 252 
927 304 368 267 281 353 
928 304 368 358 267 353 
929 304 283 95 284 94 
930 304 271 217 355 356 
931 304 250 385 353 285 
932 304 223 28 419 27 
933 304 399 392 48 230 
934 304 179 188 361 168 
935 304 360 279 344 363 
936 304 316 351 160 353 
937 304 151 139 153 314 
938 304 366 362 342 363 
939 304 338 392 399 230 
940 304 295 277 233 356 
941 304 309 356 311 310 
942 304 81 83 82 300 
943 304 350 324 349 325 
944 304 146 386 51 52 
945 304 8 399 48 230 
946 304 393 78 286 289 
947 304 105 118 114 340 
948 304 231 228 361 225 
949 304 274 147 312 357 
950 304 250 252 313 353 
951 304 195 344 196 329 
952 304 402 38 390 263 
953 304 172 199 363 187 
954 304 361 362 342 366 
955 304 328 318 127 330 
956 304 346 335 364 356 
957 304 279 364 342 366 
958 304 353 142 160 136 
959 304 339 179 188 361 
960 304 333 334 337 122 
961 304 173 340 342 192 
962 304 364 341 366 356 
963 304 378 249 56 385 
964 304 316 417 163 317 
965 304 333 119 114 336 
966 304 354 285 270 269 
967 304 283 285 281 269 
968 304 314 273 269 153 
969 304 301 231 277 361 
970 304 386 155 355 348 
971 304 293 87 289 292 
972 304 328 127 121 330 
973 304 341 339 342 361 
974 304 317 324 128 325 
975 304 250 385 249 353 
976 304 355 348 155 311 
977 304 317 324 325 349 
978 304 317 324 349 318 
979 304 420 215 2 49 
980 304 173 339 191 189 
981 304 326 402 390 263 
982 304 81 297 300 82 
983 304 38 402 7 263 
984 304 317 324 318 128 
985 304 80 26 373 69 
986 304 214 294 213 298 
987 304 249 55 56 385 
988 304 97 406 384 269 
989 304 404 102 336 47 
990 304 298 90 278 92 
991 304 76 405 16 414 
992 304 406 11 96 12 
993 304 413 282 77 380 
994 304 283 281 291 284 
995 304 21 289 84 22 
996 304 75 95 269 97 
997 304 265 313 350 367 
998 304 55 249 237 385 
999 304 217 213 295 312 
1000 304 298 387 278 357 
1001 304 222 373 212 27 
1002 304 229 398 339 228 
1003 304 70 414 380 282 
1004 304 102 115 336 47 
1005 304 375 400 159 322 
1006 304 81 394 300 302 
1007 304 339 188 342 361 
1008 304 153 406 269 137 
1009 304 343 195 329 345 
1010 304 365 272 306 363 
1011 304 297 89 69 86 
1012 304 72 81 85 302 
1013 304 81 394 302 72 
1014 304 127 328 121 103 
1015 304 293 87 292 88 
1016 304 73 87 293 88 
1017 304 134 122 333 337 
1018 304 43 112 402 7 
1019 304 99 75 273 96 
1020 304 196 388 327 194 
1021 304 57 161 415 142 
1022 304 161 351 142 160 
1023 304 306 308 302 305 
1024 304 362 172 363 305 
1025 304 193 327 194 344 
1026 304 339 340 276 342 
1027 304 76 283 405 414 
1028 304 118 397 117 343 
1029 304 275 337 322 346 
1030 304 188 173 342 200 
1031 304 304 294 295 297 
1032 304 74 273 93 99 
1033 304 360 279 363 365 
1034 304 330 106 120 333 
1035 304 327 388 326 262 
1036 304 357 387 149 420 
1037 304 350 259 265 331 
1038 304 107 337 123 122 
1039 304 391 128 325 131 
1040 304 73 304 86 101 
1041 304 133 127 330 121 
1042 304 127 324 128 318 
1043 304 304 73 293 101 
1044 304 206 222 296 221 
1045 304 275 335 210 334 
1046 304 386 155 348 156 
1047 304 221 233 295 296 
1048 304 144 385 354 285 
1049 304 304 294 297 89 
1050 304 213 294 214 201 
1051 304 387 9 149 420 
1052 304 74 273 99 299 
1053 304 250 385 237 249 
1054 304 147 387 357 278 
1055 304 35 324 109 36 
1056 304 95 98 270 97 
1057 304 139 152 311 274 
1058 304 173 340 192 191 
1059 304 324 35 109 128 
1060 304 362 168 305 361 
1061 304 267 285 353 268 
1062 304 316 163 162 141 
1063 304 111 112 326 104 
1064 304 313 290 367 266 
1065 304 327 344 329 196 
1066 304 194 344 196 174 
1067 304 362 366 305 363 
1068 304 118 397 343 340 
1069 304 40 41 117 397 
1070 304 388 68 197 402 
1071 304 84 87 289 85 
1072 304 365 306 366 363 
1073 304 310 303 356 366 
1074 304 228 339 361 398 
1075 304 345 192 343 195 
1076 304 257 377 65 286 
1077 304 309 303 295 356 
1078 304 180 300 168 181 
1079 304 310 303 366 315 
1080 304 70 292 78 88 
1081 304 343 330 329 120 
1082 304 295 277 356 303 
1083 304 306 308 305 363 
1084 304 295 277 303 296 
1085 304 164 161 325 401 
1086 304 306 305 366 363 
1087 304 381 191 399 338 
1088 304 119 333 118 106 
1089 304 106 321 133 134 
1090 304 337 134 122 107 
1091 304 126 319 322 132 
1092 304 119 134 333 106 
1093 304 366 305 306 303 
1094 304 210 335 202 334 
1095 304 49 357 149 420 
1096 304 416 387 138 278 
1097 304 219 386 203 216 
1098 304 271 217 356 295 
1099 304 304 303 295 299 
1100 304 92 416 387 10 
1101 304 277 206 296 233 
1102 304 310 364 366 356 
1103 304 2 9 420 149 
1104 304 22 71 23 393 
1105 304 193 327 360 359 
1106 304 300 305 296 302 
1107 304 327 262 326 260 
1108 304 290 251 266 281 
1109 304 403 194 67 175 
1110 304 210 411 203 348 
1111 304 310 364 356 346 
1112 304 130 417 32 129 
1113 304 133 127 108 318 
1114 304 337 134 107 132 
1115 304 352 316 319 320 
1116 304 325 130 371 131 
1117 304 307 273 269 314 
1118 304 385 55 56 136 
1119 304 265 259 350 253 
1120 304 313 350 252 253 
1121 304 378 351 353 142 
1122 304 333 122 134 119 
1123 304 127 128 108 318 
1124 304 154 358 160 353 
1125 304 49 2 420 149 
1126 304 341 231 361 277 
1127 304 287 264 359 367 
1128 304 36 328 103 37 
1129 304 360 279 365 332 
1130 304 359 327 367 240 
1131 304 243 242 324 325 
1132 304 288 289 177 286 
1133 304 164 371 412 325 
1134 304 417 400 31 129 
1135 304 67 66 403 175 
1136 304 218 294 295 213 
1137 304 162 159 320 165 
1138 304 293 289 291 292 
1139 304 222 297 296 221 
1140 304 164 371 33 412 
1141 304 239 290 255 254 
1142 304 51 407 135 50 
1143 304 146 407 51 386 
1144 304 407 357 312 135 
1145 304 184 180 302 305 
1146 304 413 282 380 255 
1147 304 50 148 357 135 
1148 304 172 288 308 186 
1149 304 11 406 96 93 
1150 304 163 417 32 371 
1151 304 375 126 125 30 
1152 304 279 364 352 333 
1153 304 311 356 309 271 
1154 304 152 139 151 274 
1155 304 108 280 321 318 
1156 304 208 47 336 227 
1157 304 292 100 293 88 
1158 304 328 318 330 332 
1159 304 244 243 325 242 
1160 304 378 415 236 351 
1161 304 403 194 175 327 
1162 304 164 5 412 33 
1163 304 412 58 5 164 
1164 304 341 335 364 336 
1165 304 179 339 188 189 
1166 304 350 318 332 349 
1167 304 368 365 291 315 
1168 304 65 64 257 286 
1169 304 95 270 269 97 
1170 304 124 396 383 323 
1171 304 94 414 76 70 
1172 304 292 414 282 283 
1173 304 142 351 353 160 
1174 304 412 58 164 401 
1175 304 275 210 335 348 
1176 304 260 331 240 259 
1177 304 376 275 123 323 
1178 304 257 377 258 65 
1179 304 256 257 64 286 
1180 304 178 389 64 286 
1181 304 170 186 289 177 
1182 304 286 287 291 282 
1183 304 65 64 286 176 
1184 304 297 80 89 294 
1185 304 278 274 314 299 
1186 304 324 242 243 235 
1187 304 243 324 235 350 
1188 304 323 211 411 396 
1189 304 238 313 252 253 
1190 304 310 315 366 352 
1191 304 314 309 299 274 
1192 304 405 95 283 76 
1193 304 405 95 76 15 
1194 304 95 418 270 98 
1195 304 297 80 373 69 
1196 304 100 307 99 75 
1197 304 268 267 269 314 
1198 304 393 79 71 23 
1199 304 178 176 177 286 
1200 304 393 413 78 79 
1201 304 67 388 197 194 
1202 304 237 270 354 285 
1203 304 306 293 291 315 
1204 304 112 104 409 326 
1205 304 218 356 295 233 
1206 304 85 87 293 73 
1207 304 293 289 85 302 
1208 304 297 304 89 86 
1209 304 326 327 329 196 
1210 304 294 90 80 89 
1211 304 89 80 297 69 
1212 304 222 297 221 212 
1213 304 295 233 221 218 
1214 304 267 307 315 284 
1215 304 89 101 304 299 
1216 304 381 339 398 189 
1217 304 8 116 48 399 
1218 304 6 211 396 53 
1219 304 210 335 219 220 
1220 304 398 189 339 179 
1221 304 388 67 197 68 
1222 304 268 144 153 269 
1223 304 344 327 194 196 
1224 304 65 169 286 377 
1225 304 330 111 121 328 
1226 304 328 390 326 110 
1227 304 85 370 289 84 
1228 304 394 369 182 19 
1229 304 343 330 120 333 
1230 304 199 198 200 345 
1231 304 404 102 47 46 
1232 304 173 340 191 339 
1233 304 366 361 341 342 
1234 304 208 227 336 226 
1235 304 362 168 361 188 
1236 304 365 279 366 352 
1237 304 305 168 301 361 
1238 304 362 168 188 185 
1239 304 5 412 131 34 
1240 304 275 323 210 348 
1241 304 306 289 293 302 
1242 304 238 313 281 250 
1243 304 55 354 143 385 
1244 304 362 188 200 185 
1245 304 172 362 200 185 
1246 304 290 239 264 266 
1247 304 268 385 353 136 
1248 304 144 137 153 269 
1249 304 285 269 144 268 
1250 304 279 365 332 352 
1251 304 354 137 144 269 
1252 304 275 123 322 337 
1253 304 96 406 269 273 
1254 304 376 275 323 210 
1255 304 139 358 167 166 
1256 304 406 384 269 137 
1257 304 172 288 186 187 
1258 304 350 318 349 324 
1259 304 83 369 82 300 
1260 304 394 83 300 369 
1261 304 411 211 53 396 
1262 304 21 84 370 20 
1263 304 156 52 411 386 
1264 304 206 300 224 301 
1265 304 15 95 418 405 
1266 304 300 182 59 181 
1267 304 317 316 319 280 
1268 304 376 210 323 209 
1269 304 105 40 117 397 
1270 304 62 61 398 228 
1271 304 345 200 363 342 
1272 304 196 344 195 174 
1273 304 328 390 110 37 
1274 304 341 361 366 277 
1275 304 275 322 323 348 
1276 304 376 275 210 334 
1277 304 107 125 123 322 
1278 304 365 368 332 352 
1279 304 376 210 209 202 
1280 304 358 368 315 352 
1281 304 280 319 321 352 
1282 304 108 280 318 317 
1283 304 277 206 233 231 
1284 304 204 357 213 312 
1285 304 106 321 134 333 
1286 304 172 288 187 363 
1287 304 410 298 294 214 
1288 304 215 204 357 213 
1289 304 355 146 135 155 
1290 304 191 381 190 189 
1291 304 10 416 11 93 
1292 304 206 300 301 296 
1293 304 68 7 402 263 
1294 304 317 128 108 130 
1295 304 233 356 232 205 
1296 304 303 304 295 296 
1297 304 395 410 214 25 
1298 304 313 265 350 253 
1299 304 235 350 328 259 
1300 304 327 331 326 332 
1301 304 196 388 194 197 
1302 304 129 317 108 130 
1303 304 289 272 291 288 
1304 304 412 5 131 33 
1305 304 268 385 136 144 
1306 304 98 418 408 14 
1307 304 250 385 285 237 
1308 304 412 391 325 131 
1309 304 313 351 252 350 
1310 304 290 251 281 283 
1311 304 164 371 163 33 
1312 304 324 35 128 391 
1313 304 353 249 250 252 
1314 304 35 324 235 242 
1315 304 322 319 321 132 
1316 304 346 320 322 347 
1317 304 279 364 366 352 
1318 304 348 158 347 322 
1319 304 17 77 380 413 
1320 304 339 338 229 227 
1321 304 159 158 347 140 
1322 304 62 189 381 398 
1323 304 376 210 202 334 
1324 304 293 292 291 284 
1325 304 393 413 79 389 
1326 304 128 35 131 391 
1327 304 221 206 233 296 
1328 304 370 72 20 84 
1329 304 237 270 285 246 
1330 304 221 294 218 201 
1331 304 35 34 131 391 
1332 304 27 82 373 69 
1333 304 360 272 291 365 
1334 304 22 289 84 71 
1335 304 183 186 289 170 
1336 304 393 78 289 71 
1337 304 71 87 78 289 
1338 304 71 87 289 84 
1339 304 169 288 286 287 
1340 304 246 250 281 285 
1341 304 313 351 350 349 
1342 304 246 283 247 270 
1343 304 265 313 238 253 
1344 304 317 318 349 280 
1345 304 319 320 322 352 
1346 304 283 251 281 246 
1347 304 360 327 344 332 
1348 304 281 250 246 251 
1349 304 404 202 376 46 
1350 304 262 327 261 240 
1351 304 313 266 367 265 
1352 304 385 354 285 237 
1353 304 120 379 329 343 
1354 304 238 251 281 266 
1355 304 327 388 262 403 
1356 304 290 251 283 254 
1357 304 399 191 381 190 
1358 304 13 98 384 382 
1359 304 339 229 207 227 
1360 304 338 105 116 114 
1361 304 328 331 350 332 
1362 304 336 202 335 334 
1363 304 335 202 336 226 
1364 304 388 68 402 263 
1365 304 349 318 332 352 
1366 304 358 315 314 311 
1367 304 158 411 348 156 
1368 304 320 165 166 141 
1369 304 299 307 314 273 
1370 304 126 400 322 319 
1371 304 358 315 311 352 
1372 304 151 416 278 273 
1373 304 300 168 305 180 
1374 304 404 202 46 208 
1375 304 348 335 275 346 
1376 304 336 202 334 404 
1377 304 74 273 299 278 
1378 304 348 347 155 311 
1379 304 290 283 282 254 
1380 304 172 308 363 305 
1381 304 134 133 132 321 
1382 304 351 316 349 353 
1383 304 327 331 332 367 
1384 304 38 112 7 402 
1385 304 310 303 315 309 
1386 304 369 182 19 4 
1387 304 395 410 294 214 
1388 304 297 300 296 302 
1389 304 206 301 224 225 
1390 304 365 306 272 291 
1391 304 195 344 329 345 
1392 304 408 384 270 98 
1393 304 326 328 329 332 
1394 304 15 76 405 16 
1395 304 413 78 79 77 
1396 304 393 79 23 389 
1397 304 49 148 149 357 
1398 304 188 362 342 361 
1399 304 387 421 357 298 
1400 304 410 80 90 25 
1401 304 298 387 91 92 
1402 304 387 421 298 91 
1403 304 298 90 92 91 
1404 304 297 81 69 82 
1405 304 297 395 212 373 
1406 304 365 306 291 315 
1407 304 331 328 326 332 
1408 304 297 81 300 302 
1409 304 395 26 212 373 
1410 304 183 308 186 184 
1411 304 151 278 314 273 
1412 304 147 152 151 274 
1413 304 290 251 254 266 
1414 304 283 292 291 282 
1415 304 283 418 247 270 
1416 304 306 289 302 308 
1417 304 320 165 159 347 
1418 304 158 140 156 347 
1419 304 358 154 160 166 
1420 304 378 415 351 142 
1421 304 268 136 353 154 
1422 304 410 24 91 421 
1423 304 394 369 300 182 
1424 304 307 293 299 315 
1425 304 303 309 299 315 
1426 304 297 201 395 294 
1427 304 328 241 260 37 
1428 304 304 315 306 303 
1429 304 304 315 303 299 
1430 304 304 315 299 293 
1431 304 304 315 293 306 
1432 304 173 345 342 200 
1433 304 183 184 171 302 
1434 304 343 333 340 342 
1435 304 124 44 45 383 
1436 304 376 323 383 209 
1437 304 85 370 84 72 
1438 304 358 368 267 315 
1439 304 165 140 159 347 
1440 304 375 126 30 400 
1441 304 195 409 196 42 
1442 304 322 346 348 275 
1443 304 75 96 269 273 
1444 304 172 362 185 305 
1445 304 316 320 166 141 
1446 304 313 368 281 353 
1447 304 161 351 160 316 
1448 304 310 346 356 311 
1449 304 303 296 277 305 
1450 304 335 232 226 341 
1451 304 294 218 201 213 
1452 304 274 355 312 152 
1453 304 81 394 72 83 
1454 304 158 411 156 157 
1455 304 386 155 156 146 
1456 304 333 330 321 352 
1457 304 112 38 390 402 
1458 304 399 374 39 116 
1459 304 345 279 342 363 
1460 304 239 287 264 258 
1461 304 178 3 64 389 
1462 304 365 313 368 291 
1463 304 305 168 185 180 
1464 304 169 66 377 65 
1465 304 264 287 359 258 
1466 304 228 372 361 225 
1467 304 358 368 349 353 
1468 304 368 313 349 353 
1469 304 366 361 305 277 
1470 304 172 288 363 308 
1471 304 61 168 372 60 
1472 304 182 300 180 181 
1473 304 195 409 329 196 
1474 304 276 339 336 338 
1475 304 338 105 114 340 
1476 304 184 172 185 305 
1477 304 229 398 228 62 
1478 304 313 290 266 281 
1479 304 339 276 341 342 
1480 304 169 288 287 359 
1481 304 376 123 334 113 
1482 304 345 192 195 198 
1483 304 297 419 300 82 
1484 304 196 402 388 197 
1485 304 333 337 352 321 
1486 304 360 287 367 291 
1487 304 318 280 321 352 
1488 304 317 129 108 319 
1489 304 161 351 325 415 
1490 304 369 83 82 28 
1491 304 316 317 349 280 
1492 304 47 115 336 392 
1493 304 326 388 402 263 
1494 304 232 231 277 233 
1495 304 82 297 373 69 
1496 304 90 294 299 89 
1497 304 326 112 390 402 
1498 304 419 28 82 27 
1499 304 279 330 333 352 
1500 304 261 377 258 359 
1501 304 401 412 325 164 
1502 304 343 330 333 279 
1503 304 350 318 324 328 
1504 304 183 308 184 302 
1505 304 184 186 172 308 
1506 304 418 98 408 270 
1507 304 403 377 359 175 
1508 304 320 165 167 166 
1509 304 224 372 225 301 
1510 304 393 78 71 79 
1511 304 38 390 263 37 
1512 304 239 287 255 290 
1513 304 330 111 329 120 
1514 304 287 286 255 282 
1515 304 265 264 266 367 
1516 304 292 414 283 94 
1517 304 313 266 265 238 
1518 304 409 326 329 196 
1519 304 333 276 340 342 
1520 304 330 111 120 121 
1521 304 10 9 387 92 
1522 304 293 307 299 101 
1523 304 193 169 359 187 
1524 304 116 392 48 399 
1525 304 289 282 291 292 
1526 304 92 416 10 93 
1527 304 338 392 116 399 
1528 304 298 312 295 213 
1529 304 402 409 112 43 
1530 304 180 394 300 182 
1531 304 254 255 245 282 
1532 304 304 297 296 302 
1533 304 292 414 94 70 
1534 304 304 101 89 86 
1535 304 186 289 288 308 
1536 304 304 81 297 302 
1537 304 267 285 268 269 
1538 304 289 282 292 78 
1539 304 257 377 286 287 
1540 304 152 155 167 311 
1541 304 147 278 151 138 
1542 304 409 43 196 42 
1543 304 348 411 203 386 
1544 304 320 311 358 167 
1545 304 277 206 231 301 
1546 304 289 282 78 286 
1547 304 365 360 367 291 
1548 304 287 286 291 288 
1549 304 289 282 286 291 
1550 304 139 268 314 358 
1551 304 268 144 154 153 
1552 304 75 100 284 94 
1553 304 198 344 199 174 
1554 304 334 364 337 346 
1555 304 404 376 334 113 
1556 304 173 339 189 188 
1557 304 343 279 333 342 
1558 304 274 139 314 311 
1559 304 276 333 114 336 
1560 304 339 340 191 338 
1561 304 402 409 326 112 
1562 304 298 410 91 421 
1563 304 343 192 342 340 
1564 304 209 376 202 45 
1565 304 199 193 344 360 
1566 304 173 339 188 342 
1567 304 350 331 367 332 
1568 304 300 180 305 302 
1569 304 346 337 322 352 
1570 304 344 279 329 345 
1571 304 198 344 174 195 
1572 304 247 283 246 234 
1573 304 283 95 269 284 
1574 304 319 316 352 280 
1575 304 292 100 88 94 
1576 304 270 384 269 97 
1577 304 396 211 6 44 
1578 304 358 316 349 352 
1579 304 275 334 337 346 
1580 304 418 15 98 95 
1581 304 90 74 278 92 
1582 304 2 9 91 420 
1583 304 267 285 269 281 
1584 304 14 382 408 98 
1585 304 286 289 291 288 
1586 304 418 15 14 98 
1587 304 139 274 314 151 
1588 304 237 270 246 248 
1589 304 287 290 291 282 
1590 304 341 276 364 342 
1591 304 382 54 145 1 
1592 304 406 384 137 12 
1593 304 244 34 391 412 
1594 304 314 309 274 311 
1595 304 254 283 234 251 
1596 304 52 203 411 386 
1597 304 339 340 338 276 
1598 304 300 182 369 59 
1599 304 310 303 309 356 
1600 304 191 399 39 190 
1601 304 59 300 60 224 
1602 304 313 290 281 291 
1603 304 100 307 101 99 
1604 304 420 24 91 2 
1605 304 368 313 281 291 
1606 304 365 313 291 367 
1607 304 375 125 29 30 
1608 304 6 396 157 53 
1609 304 410 90 91 25 
1610 304 3 389 23 79 
1611 304 47 392 230 48 
1612 304 303 306 302 305 
1613 304 304 306 293 302 
1614 304 81 297 69 86 
1615 304 402 409 196 326 
1616 304 122 404 113 102 
1617 304 191 381 189 339 
1618 304 119 102 336 122 
1619 304 116 8 39 399 
1620 304 335 341 226 336 
1621 304 47 115 392 48 
1622 304 333 334 122 336 
1623 304 119 333 122 336 
1624 304 104 43 409 42 
1625 304 333 120 118 106 
1626 304 223 369 28 4 
1627 304 5 244 412 34 
1628 304 120 379 343 117 
1629 304 267 368 281 291 
1630 304 193 344 194 174 
1631 304 218 356 233 205 
1632 304 419 369 82 28 
1633 304 333 334 336 364 
1634 304 73 304 85 86 
1635 304 324 243 325 350 
1636 304 184 308 305 302 
1637 304 211 396 383 44 
1638 304 304 73 85 293 
1639 304 369 419 82 300 
1640 304 161 316 141 163 
1641 304 222 373 419 297 
1642 304 146 407 386 355 
1643 304 222 373 27 419 
1644 304 298 215 357 213 
1645 304 295 213 217 218 
1646 304 152 147 135 312 
1647 304 357 147 312 135 
1648 304 14 382 248 408 
1649 304 316 325 161 351 
1650 304 161 325 316 163 
1651 304 38 110 390 37 
1652 304 262 260 263 326 
1653 304 327 193 175 359 
1654 304 403 327 175 359 
1655 304 112 43 409 104 
1656 304 244 391 325 412 
1657 304 398 189 179 62 
1658 304 341 339 227 336 
1659 304 103 328 110 37 
1660 304 35 34 391 242 
1661 304 222 223 419 27 
1662 304 362 168 185 305 
1663 304 301 231 361 225 
1664 304 172 362 363 200 
1665 304 231 228 207 361 
1666 304 315 293 284 307 
1667 304 199 193 360 187 
1668 304 359 360 187 288 
1669 304 354 408 248 382 
1670 304 63 8 399 190 
1671 304 276 333 336 364 
1672 304 338 115 116 392 
1673 304 339 228 207 229 
1674 304 297 222 300 419 
1675 304 124 45 123 383 
1676 304 205 220 219 356 
1677 304 348 355 219 356 
1678 304 14 382 1 248 
1679 304 220 335 219 356 
1680 304 297 294 295 221 
1681 304 139 358 314 311 
1682 304 304 293 299 101 
1683 304 304 294 89 299 
1684 304 297 221 295 296 
1685 304 169 193 359 175 
1686 304 365 313 367 332 
1687 304 360 327 193 344 
1688 304 286 169 65 176 
1689 304 286 288 169 177 
1690 304 58 57 164 401 
1691 304 313 252 250 238 
1692 304 323 124 123 383 
1693 304 296 305 300 301 
1694 304 247 408 248 270 
1695 304 142 378 56 136 
1696 304 283 292 94 284 
1697 304 252 378 351 353 
1698 304 285 281 353 250 
1699 304 408 247 248 14 
1700 304 268 358 154 353 
1701 304 290 283 281 291 
1702 304 219 356 217 205 
1703 304 408 354 248 270 
1704 304 303 296 305 302 
1705 304 396 211 383 323 
1706 304 303 304 296 302 
1707 304 218 356 205 217 
1708 304 271 217 295 312 
1709 304 274 298 278 357 
1710 304 151 416 273 150 
1711 304 346 356 348 335 
1712 304 140 347 155 156 
1713 304 95 75 269 284 
1714 304 217 407 312 355 
1715 304 347 348 155 156 
1716 304 278 147 151 274 
1717 304 100 73 293 88 
1718 304 153 406 137 150 
1719 304 267 307 284 269 
1720 304 295 277 296 233 
1721 304 300 301 168 372 
1722 304 152 139 311 167 
1723 304 223 222 419 300 
1724 304 223 222 300 224 
1725 304 348 356 346 311 
1726 304 328 330 329 332 
1727 304 75 307 273 269 
1728 304 74 90 299 89 
1729 304 274 355 152 311 
1730 304 307 100 284 75 
1731 304 360 287 291 288 
1732 304 319 322 321 352 
1733 304 32 129 417 31 
1734 304 316 417 317 319 
1735 304 316 317 163 325 
1736 304 204 50 357 407 
1737 304 173 345 200 198 
1738 304 330 279 329 332 
1739 304 328 318 324 127 
1740 304 315 307 314 299 
1741 304 379 117 397 343 
1742 304 244 242 325 391 
1743 304 217 407 204 312 
1744 304 172 184 308 305 
1745 304 271 274 312 295 
1746 304 303 309 295 299 
1747 304 279 330 352 332 
1748 304 99 307 101 299 
1749 304 206 300 296 222 
1750 304 297 222 296 300 
1751 304 89 74 101 299 
1752 304 279 344 329 332 
1753 304 204 357 312 407 
1754 304 243 235 253 350 
1755 304 310 364 346 352 
1756 304 351 243 236 252 
1757 304 331 265 350 367 
1758 304 204 216 50 407 
1759 304 287 290 264 367 
1760 304 360 327 332 367 
1761 304 244 34 242 391 
1762 304 199 360 363 187 
1763 304 272 360 291 288 
1764 304 316 349 352 280 
1765 304 313 290 291 367 
1766 304 313 266 238 281 
1767 304 58 57 401 236 
1768 304 270 384 97 98 
1769 304 368 349 332 352 
1770 304 328 235 36 324 
1771 304 298 387 92 278 
1772 304 3 178 23 389 
1773 304 204 312 213 217 
1774 304 413 77 18 17 
1775 304 13 98 382 1 
1776 304 176 178 64 286 
1777 304 322 337 321 352 
1778 304 35 324 36 235 
1779 304 147 387 278 138 
1780 304 81 304 297 86 
1781 304 148 147 149 357 
1782 304 346 320 347 311 
1783 304 244 58 401 236 
1784 304 350 313 349 332 
1785 304 313 350 367 332 
1786 304 328 235 241 36 
1787 304 316 141 166 160 
1788 304 358 316 166 160 
1789 304 313 368 349 332 
1790 304 55 354 385 237 
1791 304 365 313 332 368 
1792 304 52 411 53 157 
1793 304 386 155 146 355 
1794 304 189 62 381 190 
1795 304 62 63 381 190 
1796 304 118 120 343 117 
1797 304 333 118 343 340 
1798 304 374 397 192 40 
1799 304 416 406 93 273 
1800 304 343 279 342 345 
1801 304 177 393 178 286 
1802 304 334 113 123 122 
1803 304 393 389 23 178 
1804 304 379 41 117 42 
1805 304 104 379 117 42 
1806 304 325 128 130 131 
1807 304 163 417 371 317 
1808 304 412 371 33 131 
1809 304 109 328 103 36 
1810 304 323 396 411 157 
1811 304 375 124 323 396 
1812 304 304 306 302 303 
1813 304 408 384 98 382 
1814 304 393 389 178 286 
1815 304 228 372 225 61 
1816 304 361 179 168 372 
1817 304 199 172 363 200 
1818 304 420 215 49 357 
1819 304 247 15 14 418 
1820 304 406 96 93 273 
1821 304 180 184 302 171 
1822 304 268 314 269 153 
1823 304 316 161 141 160 
1824 304 142 378 136 353 
1825 304 358 139 154 166 
1826 304 320 316 166 358 
1827 304 193 199 344 174 
1828 304 358 320 167 166 
1829 304 279 364 333 342 
1830 304 366 363 279 365 
1831 304 279 363 366 342 
1832 304 137 150 406 12 
1833 304 247 15 418 405 
1834 304 287 169 377 286 
1835 304 287 239 255 257 
1836 304 320 311 167 347 
1837 304 247 418 408 270 
1838 304 369 83 28 4 
1839 304 397 192 343 340 
1840 304 104 326 329 409 
1841 304 224 372 301 300 
1842 304 306 365 366 315 
1843 304 116 115 48 392 
1844 304 339 341 207 361 
1845 304 418 247 408 14 
1846 304 303 277 356 366 
1847 304 341 339 207 227 
1848 304 218 356 217 295 
1849 304 300 60 168 181 
1850 304 298 90 91 410 
1851 304 298 214 215 213 
1852 304 410 24 25 91 
1853 304 122 404 102 336 
1854 304 339 338 227 336 
1855 304 153 406 273 269 
1856 304 336 202 404 208 
1857 304 327 331 240 260 
1858 304 63 8 230 399 
1859 304 241 328 260 259 
1860 304 224 372 300 60 
1861 304 264 359 367 240 
1862 304 283 251 246 234 
1863 304 283 418 270 95 
1864 304 297 201 294 221 
1865 304 283 285 269 270 
1866 304 283 285 270 246 
1867 304 327 331 367 240 
1868 304 264 265 240 367 
1869 304 265 331 240 367 
1870 304 328 235 259 241 
1871 304 331 328 350 259 
1872 304 153 406 150 273 
1873 304 155 347 167 311 
1874 304 346 320 311 352 
1875 304 314 309 311 315 
1876 304 347 348 346 311 
1877 304 49 50 148 357 
1878 304 204 49 215 357 
1879 304 341 227 207 226 
1880 304 284 293 315 291 
1881 304 11 416 406 93 
1882 304 283 285 246 281 
1883 304 281 313 353 250 
1884 304 267 307 269 314 
1885 304 283 418 95 405 
1886 304 237 285 250 246 
1887 304 74 99 101 299 
1888 304 320 311 352 358 
1889 304 183 308 302 289 
1890 304 85 370 72 302 
1891 304 306 272 308 363 
1892 304 360 193 359 187 
1893 304 386 216 355 407 
1894 304 180 394 182 171 
1895 304 227 341 336 226 
1896 304 379 397 192 343 
1897 304 298 90 294 299 
1898 304 90 298 278 299 
1899 304 330 318 321 352 
1900 304 310 309 315 311 
1901 304 409 379 195 329 
1902 304 409 379 329 104 
1903 304 327 331 260 326 
1904 304 331 328 260 326 
1905 304 111 328 326 110 
1906 304 297 201 221 212 
1907 304 68 7 197 402 
1908 304 386 216 407 51 
1909 304 173 345 198 192 
1910 304 125 375 323 322 
1911 304 108 280 317 319 
1912 304 376 404 46 113 
1913 304 404 102 46 113 
1914 304 275 335 334 346 
1915 304 150 11 406 12 
1916 304 339 276 336 341 
1917 304 102 115 114 336 
1918 304 247 15 405 234 
1919 304 120 379 117 104 
1920 304 15 405 234 16 
1921 304 271 217 312 355 
1922 304 147 278 357 274 
1923 304 254 414 282 245 
1924 304 274 298 357 312 
1925 304 335 348 219 356 
1926 304 217 407 355 216 
1927 304 232 341 356 277 
1928 304 111 120 104 329 
1929 304 294 80 395 297 
1930 304 414 234 16 245 
1931 304 173 345 192 342 
1932 304 344 327 329 332 
1933 304 303 315 306 366 
1934 304 326 112 110 390 
1935 304 96 99 93 273 
1936 304 74 278 92 93 
1937 304 112 38 110 390 
1938 304 278 416 93 273 
1939 304 217 407 216 204 
1940 304 315 310 311 352 
1941 304 70 292 88 94 
1942 304 370 72 302 394 
1943 304 169 288 359 187 
1944 304 310 346 311 352 
1945 304 419 373 27 82 
1946 304 357 298 213 312 
1947 304 401 161 325 415 
1948 304 244 401 325 236 
1949 304 374 397 105 340 
1950 304 95 283 76 94 
1951 304 57 161 401 415 
1952 304 287 290 367 291 
1953 304 129 317 417 319 
1954 304 331 265 240 259 
1955 304 381 338 399 230 
1956 304 324 128 325 391 
1957 304 243 351 325 350 
1958 304 317 325 130 371 
1959 304 317 128 130 325 
1960 304 350 318 328 332 
1961 304 162 400 319 159 
1962 304 51 216 407 50 
1963 304 129 126 132 319 
1964 304 107 126 322 132 
1965 304 107 337 322 123 
1966 304 128 317 108 318 
1967 304 177 393 286 289 
1968 304 274 278 314 151 
1969 304 278 299 314 273 
1970 304 362 188 342 200 
1971 304 139 268 358 154 
1972 304 162 400 417 319 
1973 304 358 268 314 267 
1974 304 125 126 322 107 
1975 304 376 123 113 45 
1976 304 337 334 123 122 
1977 304 124 125 323 123 
1978 304 275 123 323 322 
1979 304 283 247 405 234 
1980 304 320 316 162 141 
1981 304 316 320 162 319 
1982 304 400 129 319 126 
1983 304 400 129 126 31 
1984 304 13 98 97 384 
1985 304 354 137 145 144 
1986 304 417 400 129 319 
1987 304 96 75 269 97 
1988 304 151 273 314 153 
1989 304 40 41 397 192 
1990 304 355 407 312 135 
1991 304 139 358 311 167 
1992 304 95 283 269 270 
1993 304 139 268 154 153 
1994 304 268 136 154 144 
1995 304 274 355 311 271 
1996 304 268 385 144 285 
1997 304 154 353 160 136 
1998 304 360 279 332 344 
1999 304 333 276 114 340 
2000 304 169 288 187 177 
2001 304 316 417 319 162 
2002 304 289 272 288 308 
2003 304 292 100 94 284 
2004 304 203 211 53 411 
2005 304 289 186 288 177 
2006 304 100 307 284 293 
2007 304 163 417 162 32 
2008 304 290 283 291 282 
2009 304 158 411 157 323 
2010 304 179 61 168 372 
2011 304 301 361 168 372 
2012 304 208 404 47 46 
2013 304 43 402 196 197 
2014 304 369 223 59 4 
2015 304 316 417 162 163 
2016 304 300 369 223 59 
2017 304 32 417 162 31 
2018 304 21 289 22 183 
2019 304 21 289 183 370 
2020 304 183 370 171 20 
2021 304 289 22 183 170 
2022 304 375 400 30 159 
2023 304 183 370 289 302 
2024 304 21 370 183 20 
2025 304 370 183 171 302 
2026 304 130 417 129 317 
2027 304 412 371 131 325 
2028 304 33 32 371 163 
2029 304 130 417 317 371 
2030 304 164 371 325 163 
2031 304 317 325 371 163 
2032 304 208 404 336 47 
2033 304 61 372 225 60 
2034 304 224 372 60 225 
2035 304 398 372 61 179 
2036 304 162 400 31 417 
2037 304 398 372 179 361 
2038 304 301 361 372 225 
2039 304 26 27 212 373 
2040 304 80 26 395 373 
2041 304 297 80 395 373 
2042 304 419 373 82 297 
2043 304 222 373 297 212 
2044 304 399 374 116 338 
2045 304 40 374 39 191 
2046 304 399 374 338 191 
2047 304 191 374 340 192 
2048 304 374 338 191 340 
2049 304 40 374 191 192 
2050 304 158 375 159 322 
2051 304 158 375 157 29 
2052 304 375 158 157 323 
2053 304 375 158 159 30 
2054 304 158 375 29 30 
2055 304 375 158 323 322 
2056 304 202 46 45 376 
2057 304 383 323 376 123 
2058 304 336 202 208 226 
2059 304 404 202 334 376 
2060 304 377 287 258 359 
2061 304 403 377 175 66 
2062 304 261 377 66 258 
2063 304 150 406 416 273 
2064 304 377 66 258 65 
2065 304 261 377 403 66 
2066 304 257 377 287 258 
2067 304 57 249 56 378 
2068 304 252 378 353 249 
2069 304 252 378 249 236 
2070 304 249 57 236 378 
2071 304 378 385 56 136 
2072 304 378 385 136 353 
2073 304 41 195 379 192 
2074 304 409 379 104 42 
2075 304 195 379 192 343 
2076 304 195 41 379 42 
2077 304 409 379 42 195 
2078 304 379 195 329 343 
2079 304 17 16 245 380 
2080 304 255 17 380 413 
2081 304 94 414 283 76 
2082 304 255 380 17 245 
2083 304 70 414 76 16 
2084 304 63 229 381 230 
2085 304 381 339 338 229 
2086 304 229 338 381 230 
2087 304 229 62 381 398 
2088 304 62 63 229 381 
2089 304 11 150 406 416 
2090 304 241 328 36 37 
2091 304 400 159 322 319 
2092 304 151 416 150 138 
2093 304 54 354 248 382 
2094 304 408 384 382 354 
2095 304 248 54 382 1 
2096 304 14 382 98 1 
2097 304 211 383 209 44 
2098 304 383 211 209 323 
2099 304 383 44 45 209 
2100 304 209 45 383 376 
2101 304 261 327 403 359 
2102 304 13 137 384 12 
2103 304 97 406 269 96 
2104 304 354 137 384 145 
2105 304 97 406 96 12 
2106 304 354 137 269 384 
2107 304 137 13 384 145 
2108 304 10 150 11 416 
2109 304 144 385 136 143 
2110 304 55 354 237 54 
2111 304 55 354 54 143 
2112 304 150 10 138 416 
2113 304 387 421 91 420 
2114 304 420 24 2 215 
2115 304 151 416 138 278 
2116 304 386 216 51 52 
2117 304 219 386 216 355 
2118 304 146 407 355 135 
2119 304 216 386 203 52 
2120 304 146 407 135 51 
2121 304 219 386 355 348 
2122 304 92 416 93 278 
2123 304 147 387 138 149 
2124 304 9 138 387 149 
2125 304 147 387 149 357 
2126 304 10 9 138 387 
2127 304 416 387 10 138 
2128 304 326 262 388 263 
2129 304 262 68 388 263 
2130 304 67 262 388 403 
2131 304 262 67 388 68 
2132 304 327 388 403 194 
2133 304 389 256 64 286 
2134 304 389 3 64 256 
2135 304 401 415 325 236 
2136 304 57 415 401 236 
2137 304 328 260 326 390 
2138 304 328 260 390 37 
2139 304 390 260 263 37 
2140 304 326 260 263 390 
2141 304 415 351 325 236 
2142 304 324 35 391 242 
2143 304 378 415 57 236 
2144 304 324 391 325 242 
2145 304 392 338 336 227 
2146 304 392 338 227 230 
2147 304 47 392 336 227 
2148 304 392 47 230 227 
2149 304 378 415 142 57 
2150 304 414 282 245 380 
2151 304 287 255 286 257 
2152 304 407 50 357 135 
2153 304 16 414 245 380 
2154 304 254 414 245 234 
2155 304 49 204 50 357 
2156 304 414 234 283 405 
2157 304 206 300 222 224 
2158 304 414 234 405 16 
2159 304 45 123 383 376 
2160 304 261 377 359 403 
2161 304 177 393 289 170 
2162 304 43 402 197 7 
2163 304 22 393 23 170 
2164 304 413 286 256 389 
2165 304 177 393 170 178 
2166 304 393 178 23 170 
2167 304 394 19 171 20 
2168 304 394 182 171 19 
2169 304 370 394 171 20 
2170 304 180 394 171 302 
2171 304 180 394 302 300 
2172 304 256 413 389 18 
2173 304 370 394 302 171 
2174 304 25 395 26 201 
2175 304 395 214 201 25 
2176 304 294 214 201 395 
2177 304 26 395 212 201 
2178 304 297 201 212 395 
2179 304 375 396 157 29 
2180 304 6 396 29 157 
2181 304 256 413 18 17 
2182 304 256 413 17 255 
2183 304 375 396 323 157 
2184 304 3 256 389 18 
2185 304 413 78 77 282 
2186 304 413 286 255 256 
2187 304 79 413 77 18 
2188 304 399 8 39 190 
2189 304 63 381 399 230 
2190 304 41 379 397 192 
2191 304 374 397 40 105
1504 2203 12, 97, 96
548 2203 11, 96, 93
920 2203 92, 9, 10
981 2203 9, 91, 2
690 2203 93, 10, 11
793 2203 76, 15, 16
979 2203 98, 15, 95
1482 2203 76, 16, 70
48 2203 78, 70, 77
909 2203 71, 78, 79
794 2203 77, 79, 78
597 2203 23, 71, 79
503 2203 71, 23, 22
1009 2203 79, 3, 23
77 2203 18, 3, 79
88 2203 77, 70, 17
1586 2203 77, 18, 79
1173 2203 77, 17, 18
85 2203 16, 17, 70
384 2203 80, 69, 26
799 2203 80, 25, 90
32 2203 80, 26, 25
26 2203 27, 26, 69
803 2203 82, 69, 81
852 2203 83, 81, 72
889 2203 83, 28, 82
341 2203 81, 83, 82
727 2203 84, 20, 72
1237 2203 83, 4, 28
12 2203 19, 72, 20
167 2203 72, 19, 83
897 2203 82, 28, 27
184 2203 4, 83, 19
731 2203 82, 27, 69
661 2203 20, 84, 21
394 2203 84, 22, 21
411 2203 85, 72, 81
733 2203 22, 84, 71
1013 2203 86, 81, 69
1033 2203 73, 85, 86
169 2203 81, 86, 85
736 2203 78, 71, 87
415 2203 88, 87, 73
479 2203 70, 78, 88
204 2203 87, 88, 78
605 2203 85, 73, 87
737 2203 84, 87, 71
836 2203 72, 85, 84
470 2203 87, 84, 85
610 2203 89, 69, 80
1127 2203 74, 89, 90
609 2203 80, 90, 89
1008 2203 25, 91, 90
1003 2203 2, 91, 24
1335 2203 93, 74, 92
925 2203 92, 10, 93
261 2203 91, 9, 92
980 2203 90, 92, 74
1251 2203 91, 25, 24
802 2203 92, 90, 91
570 2203 76, 70, 94
194 2203 95, 94, 75
592 2203 76, 95, 15
1349 2203 94, 95, 76
1386 2203 97, 75, 96
206 2203 13, 97, 12
391 2203 12, 96, 11
1383 2203 13, 98, 97
1495 2203 98, 1, 14
1174 2203 98, 13, 1
985 2203 15, 98, 14
395 2203 75, 97, 95
455 2203 98, 95, 97
418 2203 99, 96, 75
431 2203 74, 93, 99
1334 2203 96, 99, 93
951 2203 100, 75, 94
1340 2203 88, 94, 70
1116 2203 73, 100, 88
974 2203 94, 88, 100
1150 2203 89, 74, 101
439 2203 86, 101, 73
410 2203 69, 89, 86
933 2203 101, 86, 89
242 2203 100, 73, 101
1286 2203 99, 101, 74
595 2203 75, 100, 99
1002 2203 101, 99, 100
511 2203 32, 129, 130
1382 2203 31, 126, 129
1006 2203 125, 30, 29
123 2203 29, 6, 124
128 2203 126, 31, 30
454 2203 109, 36, 35
725 2203 131, 128, 35
1208 2203 109, 103, 36
244 2203 111, 110, 103
462 2203 104, 112, 111
30 2203 110, 111, 112
1054 2203 43, 112, 104
1023 2203 104, 42, 43
417 2203 112, 43, 7
783 2203 38, 112, 7
1058 2203 110, 37, 103
1336 2203 110, 112, 38
1050 2203 110, 38, 37
527 2203 36, 103, 37
1312 2203 113, 46, 102
1374 2203 113, 123, 45
40 2203 113, 45, 46
630 2203 47, 102, 46
1316 2203 115, 114, 102
759 2203 116, 105, 114
1242 2203 116, 115, 48
236 2203 114, 115, 116
668 2203 117, 105, 40
616 2203 116, 48, 8
134 2203 39, 40, 105
28 2203 105, 116, 39
1020 2203 115, 47, 48
1018 2203 8, 39, 116
403 2203 115, 102, 47
468 2203 40, 41, 117
1203 2203 117, 41, 42
346 2203 118, 114, 105
1204 2203 42, 104, 117
129 2203 119, 102, 114
487 2203 106, 119, 118
304 2203 114, 118, 119
1327 2203 111, 120, 104
294 2203 121, 106, 120
72 2203 103, 121, 111
919 2203 120, 111, 121
1024 2203 118, 120, 106
1318 2203 117, 104, 120
219 2203 105, 117, 118
1195 2203 120, 118, 117
1015 2203 122, 113, 102
437 2203 107, 123, 122
1201 2203 113, 122, 123
1074 2203 45, 123, 124
55 2203 6, 44, 124
1373 2203 126, 125, 107
550 2203 125, 126, 30
54 2203 124, 125, 29
676 2203 123, 107, 125
834 2203 124, 44, 45
1376 2203 125, 124, 123
164 2203 109, 127, 103
522 2203 128, 108, 127
458 2203 109, 35, 128
1 2203 127, 109, 128
701 2203 130, 129, 108
228 2203 33, 32, 130
1132 2203 32, 31, 129
160 2203 33, 130, 131
638 2203 131, 34, 5
703 2203 131, 5, 33
730 2203 35, 34, 131
693 2203 108, 128, 130
1205 2203 131, 130, 128
93 2203 132, 108, 129
1363 2203 107, 132, 126
1362 2203 129, 126, 132
512 2203 133, 127, 108
413 2203 121, 103, 127
284 2203 106, 121, 133
440 2203 127, 133, 121
489 2203 122, 134, 107
491 2203 119, 106, 134
1017 2203 102, 119, 122
521 2203 134, 122, 119
488 2203 133, 134, 106
513 2203 132, 107, 134
83 2203 108, 132, 133
780 2203 134, 133, 132
1406 2203 32, 163, 162
270 2203 31, 162, 159
1453 2203 158, 29, 30
1007 2203 6, 157, 53
45 2203 159, 30, 31
76 2203 142, 57, 56
147 2203 164, 57, 161
1094 2203 142, 56, 136
1508 2203 144, 136, 143
1384 2203 137, 144, 145
311 2203 143, 145, 144
1506 2203 13, 137, 145
1501 2203 137, 13, 12
309 2203 145, 1, 13
990 2203 54, 1, 145
207 2203 143, 136, 55
211 2203 143, 54, 145
1510 2203 143, 55, 54
517 2203 56, 55, 136
1519 2203 146, 135, 51
172 2203 146, 52, 156
343 2203 146, 51, 52
541 2203 50, 51, 135
262 2203 148, 135, 147
1522 2203 149, 147, 138
796 2203 149, 49, 148
1180 2203 147, 149, 148
1511 2203 150, 10, 138
524 2203 149, 2, 49
1525 2203 9, 138, 10
1523 2203 138, 9, 149
1276 2203 148, 49, 50
502 2203 2, 149, 9
546 2203 148, 50, 135
1507 2203 10, 150, 11
1314 2203 150, 12, 11
940 2203 151, 138, 147
1231 2203 12, 150, 137
1045 2203 152, 147, 135
553 2203 139, 151, 152
811 2203 147, 152, 151
647 2203 144, 137, 153
1392 2203 154, 153, 139
1393 2203 136, 144, 154
950 2203 153, 154, 144
336 2203 151, 139, 153
1117 2203 150, 153, 137
1491 2203 138, 151, 150
260 2203 153, 150, 151
688 2203 155, 135, 146
1111 2203 140, 155, 156
854 2203 146, 156, 155
178 2203 52, 157, 156
1579 2203 29, 157, 6
720 2203 159, 140, 158
1452 2203 158, 30, 159
1450 2203 157, 29, 158
817 2203 156, 158, 140
1191 2203 157, 52, 53
853 2203 158, 156, 157
357 2203 142, 136, 160
1222 2203 161, 160, 141
420 2203 142, 161, 57
421 2203 160, 161, 142
461 2203 163, 141, 162
1427 2203 33, 163, 32
1416 2203 32, 162, 31
710 2203 33, 164, 163
562 2203 164, 5, 58
561 2203 164, 33, 5
1089 2203 57, 164, 58
1039 2203 141, 163, 161
36 2203 164, 161, 163
256 2203 165, 162, 141
838 2203 140, 159, 165
536 2203 162, 165, 159
1186 2203 166, 141, 160
1396 2203 154, 160, 136
1224 2203 139, 166, 154
818 2203 160, 154, 166
188 2203 155, 140, 167
1121 2203 152, 167, 139
104 2203 135, 155, 152
939 2203 167, 152, 155
654 2203 166, 139, 167
266 2203 165, 167, 140
767 2203 141, 166, 165
907 2203 167, 165, 166
840 2203 42, 195, 196
1472 2203 41, 192, 195
1444 2203 191, 40, 39
1069 2203 8, 63, 190
1388 2203 192, 41, 40
534 2203 175, 66, 67
600 2203 197, 194, 67
70 2203 175, 169, 66
149 2203 177, 176, 169
1564 2203 170, 178, 177
598 2203 176, 177, 178
1565 2203 23, 178, 170
1562 2203 170, 22, 23
1171 2203 178, 23, 3
860 2203 64, 178, 3
1087 2203 176, 65, 169
1175 2203 176, 178, 64
582 2203 176, 64, 65
863 2203 66, 169, 65
1409 2203 179, 61, 168
1056 2203 179, 189, 62
120 2203 179, 62, 61
870 2203 60, 168, 61
477 2203 181, 180, 168
1293 2203 182, 171, 180
665 2203 182, 181, 59
871 2203 180, 181, 182
1419 2203 183, 171, 20
2 2203 182, 59, 4
1566 2203 19, 20, 171
1567 2203 171, 182, 19
84 2203 181, 60, 59
785 2203 4, 19, 182
1248 2203 181, 168, 60
1423 2203 20, 21, 183
1417 2203 183, 21, 22
1220 2203 184, 180, 171
1420 2203 22, 170, 183
862 2203 185, 168, 180
875 2203 172, 185, 184
300 2203 180, 184, 185
580 2203 177, 186, 170
656 2203 187, 172, 186
1399 2203 169, 187, 177
203 2203 186, 177, 187
904 2203 184, 186, 172
734 2203 183, 170, 186
832 2203 171, 183, 184
809 2203 186, 184, 183
333 2203 188, 179, 168
955 2203 173, 189, 188
564 2203 179, 188, 189
1193 2203 62, 189, 190
1587 2203 39, 8, 190
457 2203 192, 191, 173
1448 2203 191, 192, 40
999 2203 190, 191, 39
379 2203 189, 173, 191
1194 2203 190, 63, 62
689 2203 191, 190, 189
1084 2203 175, 193, 169
1029 2203 194, 174, 193
508 2203 175, 67, 194
118 2203 193, 175, 194
671 2203 196, 195, 174
941 2203 43, 42, 196
1475 2203 42, 41, 195
1412 2203 43, 196, 197
1306 2203 197, 68, 7
1561 2203 197, 7, 43
620 2203 67, 68, 197
465 2203 174, 194, 196
700 2203 197, 196, 194
970 2203 198, 174, 195
1308 2203 173, 198, 192
881 2203 195, 192, 198
1226 2203 199, 193, 174
922 2203 187, 169, 193
352 2203 172, 187, 199
1066 2203 193, 199, 187
429 2203 188, 200, 173
644 2203 185, 172, 200
637 2203 168, 185, 188
643 2203 200, 188, 185
1216 2203 199, 200, 172
1136 2203 198, 173, 200
952 2203 174, 198, 199
629 2203 200, 199, 198
876 2203 62, 229, 228
1214 2203 61, 228, 225
1000 2203 224, 59, 60
1025 2203 4, 223, 28
1432 2203 225, 60, 61
1411 2203 208, 47, 46
1547 2203 230, 47, 227
773 2203 208, 46, 202
678 2203 210, 202, 209
264 2203 203, 210, 211
231 2203 209, 211, 210
1403 2203 53, 203, 211
232 2203 203, 53, 52
617 2203 211, 6, 53
976 2203 44, 6, 211
963 2203 209, 202, 45
1496 2203 209, 44, 211
1498 2203 209, 45, 44
1455 2203 46, 45, 202
1576 2203 212, 201, 26
400 2203 212, 27, 222
1438 2203 212, 26, 27
1573 2203 25, 26, 201
449 2203 214, 201, 213
687 2203 215, 213, 204
190 2203 215, 24, 214
1250 2203 213, 215, 214
1157 2203 216, 50, 204
1513 2203 215, 2, 24
1554 2203 49, 204, 50
1277 2203 204, 49, 215
114 2203 214, 24, 25
378 2203 2, 215, 49
1574 2203 214, 25, 201
1361 2203 50, 216, 51
1515 2203 216, 52, 51
1172 2203 217, 204, 213
1518 2203 52, 216, 203
850 2203 218, 213, 201
1106 2203 205, 217, 218
1044 2203 213, 218, 217
106 2203 210, 203, 219
1075 2203 220, 219, 205
272 2203 202, 210, 220
618 2203 219, 220, 210
1101 2203 217, 205, 219
496 2203 216, 219, 203
1338 2203 204, 217, 216
80 2203 219, 216, 217
1305 2203 221, 201, 212
443 2203 206, 221, 222
611 2203 212, 222, 221
1060 2203 27, 223, 222
1413 2203 59, 223, 4
788 2203 225, 206, 224
1433 2203 224, 60, 225
8 2203 223, 59, 224
1556 2203 222, 224, 206
331 2203 223, 27, 28
1123 2203 224, 222, 223
1457 2203 208, 202, 226
1278 2203 227, 226, 207
555 2203 208, 227, 47
633 2203 226, 227, 208
1072 2203 229, 207, 228
1487 2203 63, 229, 62
669 2203 62, 228, 61
1483 2203 63, 230, 229
344 2203 230, 8, 48
1257 2203 230, 63, 8
1010 2203 47, 230, 48
758 2203 207, 229, 227
4 2203 230, 227, 229
1064 2203 231, 228, 207
20 2203 206, 225, 231
347 2203 228, 231, 225
103 2203 232, 207, 226
50 2203 220, 226, 202
175 2203 205, 232, 220
65 2203 226, 220, 232
726 2203 221, 206, 233
1030 2203 218, 233, 205
729 2203 201, 221, 218
612 2203 233, 218, 221
694 2203 232, 205, 233
682 2203 231, 233, 206
170 2203 207, 232, 231
893 2203 233, 231, 232
135 2203 67, 261, 262
1461 2203 66, 258, 261
567 2203 257, 65, 64
1583 2203 3, 18, 256
1463 2203 258, 66, 65
1489 2203 241, 36, 37
1538 2203 263, 260, 37
1185 2203 241, 235, 36
585 2203 243, 242, 235
3 2203 236, 244, 243
558 2203 242, 243, 244
1182 2203 58, 244, 236
1166 2203 236, 57, 58
255 2203 244, 58, 5
1026 2203 34, 244, 5
713 2203 242, 35, 235
1160 2203 242, 244, 34
1059 2203 242, 34, 35
1177 2203 36, 235, 35
1329 2203 245, 16, 234
1481 2203 245, 255, 17
1478 2203 245, 17, 16
1319 2203 15, 234, 16
971 2203 247, 246, 234
987 2203 248, 237, 246
1098 2203 248, 247, 14
131 2203 246, 247, 248
397 2203 249, 237, 55
1077 2203 248, 14, 1
1509 2203 54, 55, 237
208 2203 237, 248, 54
1218 2203 247, 15, 14
1494 2203 1, 54, 248
1317 2203 247, 234, 15
386 2203 55, 56, 249
1466 2203 249, 56, 57
1285 2203 250, 246, 237
1469 2203 57, 236, 249
1261 2203 251, 234, 246
166 2203 238, 251, 250
747 2203 246, 250, 251
1155 2203 243, 252, 236
588 2203 253, 238, 252
1153 2203 235, 253, 243
100 2203 252, 243, 253
1090 2203 250, 252, 238
1468 2203 249, 236, 252
452 2203 237, 249, 250
712 2203 252, 250, 249
1553 2203 254, 245, 234
540 2203 239, 255, 254
930 2203 245, 254, 255
1581 2203 17, 255, 256
1533 2203 64, 3, 256
192 2203 258, 257, 239
577 2203 257, 258, 65
578 2203 256, 257, 64
1234 2203 255, 239, 257
1580 2203 256, 18, 17
313 2203 257, 256, 255
1269 2203 241, 259, 235
575 2203 260, 240, 259
826 2203 241, 37, 260
1258 2203 259, 241, 260
749 2203 262, 261, 240
1530 2203 68, 67, 262
97 2203 67, 66, 261
1528 2203 68, 262, 263
382 2203 263, 38, 7
692 2203 263, 7, 68
910 2203 37, 38, 263
22 2203 240, 260, 262
1051 2203 263, 262, 260
285 2203 264, 240, 261
859 2203 239, 264, 258
74 2203 261, 258, 264
1353 2203 265, 259, 240
213 2203 253, 235, 259
742 2203 238, 253, 265
518 2203 259, 265, 253
141 2203 254, 266, 239
753 2203 251, 238, 266
994 2203 234, 251, 254
812 2203 266, 254, 251
916 2203 265, 266, 238
645 2203 264, 239, 266
1267 2203 240, 264, 265
914 2203 266, 265, 264
1504 2203 12, 97, 96
548 2203 11, 96, 93
920 2203 92, 9, 10
981 2203 9, 91, 2
690 2203 93, 10, 11
793 2203 76, 15, 16
979 2203 98, 15, 95
1482 2203 76, 16, 70
48 2203 78, 70, 77
909 2203 71, 78, 79
794 2203 77, 79, 78
597 2203 23, 71, 79
503 2203 71, 23, 22
1009 2203 79, 3, 23
77 2203 18, 3, 79
88 2203 77, 70, 17
1586 2203 77, 18, 79
1173 2203 77, 17, 18
85 2203 16, 17, 70
384 2203 80, 69, 26
799 2203 80, 25, 90
32 2203 80, 26, 25
26 2203 27, 26, 69
803 2203 82, 69, 81
852 2203 83, 81, 72
889 2203 83, 28, 82
341 2203 81, 83, 82
727 2203 84, 20, 72
1237 2203 83, 4, 28
12 2203 19, 72, 20
167 2203 72, 19, 83
897 2203 82, 28, 27
184 2203 4, 83, 19
731 2203 82, 27, 69
661 2203 20, 84, 21
394 2203 84, 22, 21
411 2203 85, 72, 81
733 2203 22, 84, 71
1013 2203 86, 81, 69
1033 2203 73, 85, 86
169 2203 81, 86, 85
736 2203 78, 71, 87
415 2203 88, 87, 73
479 2203 70, 78, 88
204 2203 87, 88, 78
605 2203 85, 73, 87
737 2203 84, 87, 71
836 2203 72, 85, 84
470 2203 87, 84, 85
610 2203 89, 69, 80
1127 2203 74, 89, 90
609 2203 80, 90, 89
1008 2203 25, 91, 90
1003 2203 2, 91, 24
1335 2203 93, 74, 92
925 2203 92, 10, 93
261 2203 91, 9, 92
980 2203 90, 92, 74
1251 2203 91, 25, 24
802 2203 92, 90, 91
570 2203 76, 70, 94
194 2203 95, 94, 75
592 2203 76, 95, 15
1349 2203 94, 95, 76
1386 2203 97, 75, 96
206 2203 13, 97, 12
391 2203 12, 96, 11
1383 2203 13, 98, 97
1495 2203 98, 1, 14
1174 2203 98, 13, 1
985 2203 15, 98, 14
395 2203 75, 97, 95
455 2203 98, 95, 97
418 2203 99, 96, 75
431 2203 74, 93, 99
1334 2203 96, 99, 93
951 2203 100, 75, 94
1340 2203 88, 94, 70
1116 2203 73, 100, 88
974 2203 94, 88, 100
1150 2203 89, 74, 101
439 2203 86, 101, 73
410 2203 69, 89, 86
933 2203 101, 86, 89
242 2203 100, 73, 101
1286 2203 99, 101, 74
595 2203 75, 100, 99
1002 2203 101, 99, 100
511 2203 32, 129, 130
1382 2203 31, 126, 129
1006 2203 125, 30, 29
123 2203 29, 6, 124
128 2203 126, 31, 30
454 2203 109, 36, 35
725 2203 131, 128, 35
1208 2203 109, 103, 36
244 2203 111, 110, 103
462 2203 104, 112, 111
30 2203 110, 111, 112
1054 2203 43, 112, 104
1023 2203 104, 42, 43
417 2203 112, 43, 7
783 2203 38, 112, 7
1058 2203 110, 37, 103
1336 2203 110, 112, 38
1050 2203 110, 38, 37
527 2203 36, 103, 37
1312 2203 113, 46, 102
1374 2203 113, 123, 45
40 2203 113, 45, 46
630 2203 47, 102, 46
1316 2203 115, 114, 102
759 2203 116, 105, 114
1242 2203 116, 115, 48
236 2203 114, 115, 116
668 2203 117, 105, 40
616 2203 116, 48, 8
134 2203 39, 40, 105
28 2203 105, 116, 39
1020 2203 115, 47, 48
1018 2203 8, 39, 116
403 2203 115, 102, 47
468 2203 40, 41, 117
1203 2203 117, 41, 42
346 2203 118, 114, 105
1204 2203 42, 104, 117
129 2203 119, 102, 114
487 2203 106, 119, 118
304 2203 114, 118, 119
1327 2203 111, 120, 104
294 2203 121, 106, 120
72 2203 103, 121, 111
919 2203 120, 111, 121
1024 2203 118, 120, 106
1318 2203 117, 104, 120
219 2203 105, 117, 118
1195 2203 120, 118, 117
1015 2203 122, 113, 102
437 2203 107, 123, 122
1201 2203 113, 122, 123
1074 2203 45, 123, 124
55 2203 6, 44, 124
1373 2203 126, 125, 107
550 2203 125, 126, 30
54 2203 124, 125, 29
676 2203 123, 107, 125
834 2203 124, 44, 45
1376 2203 125, 124, 123
164 2203 109, 127, 103
522 2203 128, 108, 127
458 2203 109, 35, 128
1 2203 127, 109, 128
701 2203 130, 129, 108
228 2203 33, 32, 130
1132 2203 32, 31, 129
160 2203 33, 130, 131
638 2203 131, 34, 5
703 2203 131, 5, 33
730 2203 35, 34, 131
693 2203 108, 128, 130
1205 2203 131, 130, 128
93 2203 132, 108, 129
1363 2203 107, 132, 126
1362 2203 129, 126, 132
512 2203 133, 127, 108
413 2203 121, 103, 127
284 2203 106, 121, 133
440 2203 127, 133, 121
489 2203 122, 134, 107
491 2203 119, 106, 134
1017 2203 102, 119, 122
521 2203 134, 122, 119
488 2203 133, 134, 106
513 2203 132, 107, 134
83 2203 108, 132, 133
780 2203 134, 133, 132
1406 2203 32, 163, 162
270 2203 31, 162, 159
1453 2203 158, 29, 30
1007 2203 6, 157, 53
45 2203 159, 30, 31
76 2203 142, 57, 56
147 2203 164, 57, 161
1094 2203 142, 56, 136
1508 2203 144, 136, 143
1384 2203 137, 144, 145
311 2203 143, 145, 144
1506 2203 13, 137, 145
1501 2203 137, 13, 12
309 2203 145, 1, 13
990 2203 54, 1, 145
207 2203 143, 136, 55
211 2203 143, 54, 145
1510 2203 143, 55, 54
517 2203 56, 55, 136
1519 2203 146, 135, 51
172 2203 146, 52, 156
343 2203 146, 51, 52
541 2203 50, 51, 135
262 2203 148, 135, 147
1522 2203 149, 147, 138
796 2203 149, 49, 148
1180 2203 147, 149, 148
1511 2203 150, 10, 138
524 2203 149, 2, 49
1525 2203 9, 138, 10
1523 2203 138, 9, 149
1276 2203 148, 49, 50
502 2203 2, 149, 9
546 2203 148, 50, 135
1507 2203 10, 150, 11
1314 2203 150, 12, 11
940 2203 151, 138, 147
1231 2203 12, 150, 137
1045 2203 152, 147, 135
553 2203 139, 151, 152
811 2203 147, 152, 151
647 2203 144, 137, 153
1392 2203 154, 153, 139
1393 2203 136, 144, 154
950 2203 153, 154, 144
336 2203 151, 139, 153
1117 2203 150, 153, 137
1491 2203 138, 151, 150
260 2203 153, 150, 151
688 2203 155, 135, 146
1111 2203 140, 155, 156
854 2203 146, 156, 155
178 2203 52, 157, 156
1579 2203 29, 157, 6
720 2203 159, 140, 158
1452 2203 158, 30, 159
1450 2203 157, 29, 158
817 2203 156, 158, 140
1191 2203 157, 52, 53
853 2203 158, 156, 157
357 2203 142, 136, 160
1222 2203 161, 160, 141
420 2203 142, 161, 57
421 2203 160, 161, 142
461 2203 163, 141, 162
1427 2203 33, 163, 32
1416 2203 32, 162, 31
710 2203 33, 164, 163
562 2203 164, 5, 58
561 2203 164, 33, 5
1089 2203 57, 164, 58
1039 2203 141, 163, 161
36 2203 164, 161, 163
256 2203 165, 162, 141
838 2203 140, 159, 165
536 2203 162, 165, 159
1186 2203 166, 141, 160
1396 2203 154, 160, 136
1224 2203 139, 166, 154
818 2203 160, 154, 166
188 2203 155, 140, 167
1121 2203 152, 167, 139
104 2203 135, 155, 152
939 2203 167, 152, 155
654 2203 166, 139, 167
266 2203 165, 167, 140
767 2203 141, 166, 165
907 2203 167, 165, 166
840 2203 42, 195, 196
1472 2203 41, 192, 195
1444 2203 191, 40, 39
1069 2203 8, 63, 190
1388 2203 192, 41, 40
534 2203 175, 66, 67
600 2203 197, 194, 67
70 2203 175, 169, 66
149 2203 177, 176, 169
1564 2203 170, 178, 177
598 2203 176, 177, 178
1565 2203 23, 178, 170
1562 2203 170, 22, 23
1171 2203 178, 23, 3
860 2203 64, 178, 3
1087 2203 176, 65, 169
1175 2203 176, 178, 64
582 2203 176, 64, 65
863 2203 66, 169, 65
1409 2203 179, 61, 168
1056 2203 179, 189, 62
120 2203 179, 62, 61
870 2203 60, 168, 61
477 2203 181, 180, 168
1293 2203 182, 171, 180
665 2203 182, 181, 59
871 2203 180, 181, 182
1419 2203 183, 171, 20
2 2203 182, 59, 4
1566 2203 19, 20, 171
1567 2203 171, 182, 19
84 2203 181, 60, 59
785 2203 4, 19, 182
1248 2203 181, 168, 60
1423 2203 20, 21, 183
1417 2203 183, 21, 22
1220 2203 184, 180, 171
1420 2203 22, 170, 183
862 2203 185, 168, 180
875 2203 172, 185, 184
300 2203 180, 184, 185
580 2203 177, 186, 170
656 2203 187, 172, 186
1399 2203 169, 187, 177
203 2203 186, 177, 187
904 2203 184, 186, 172
734 2203 183, 170, 186
832 2203 171, 183, 184
809 2203 186, 184, 183
333 2203 188, 179, 168
955 2203 173, 189, 188
564 2203 179, 188, 189
1193 2203 62, 189, 190
1587 2203 39, 8, 190
457 2203 192, 191, 173
1448 2203 191, 192, 40
999 2203 190, 191, 39
379 2203 189, 173, 191
1194 2203 190, 63, 62
689 2203 191, 190, 189
1084 2203 175, 193, 169
1029 2203 194, 174, 193
508 2203 175, 67, 194
118 2203 193, 175, 194
671 2203 196, 195, 174
941 2203 43, 42, 196
1475 2203 42, 41, 195
1412 2203 43, 196, 197
1306 2203 197, 68, 7
1561 2203 197, 7, 43
620 2203 67, 68, 197
465 2203 174, 194, 196
700 2203 197, 196, 194
970 2203 198, 174, 195
1308 2203 173, 198, 192
881 2203 195, 192, 198
1226 2203 199, 193, 174
922 2203 187, 169, 193
352 2203 172, 187, 199
1066 2203 193, 199, 187
429 2203 188, 200, 173
644 2203 185, 172, 200
637 2203 168, 185, 188
643 2203 200, 188, 185
1216 2203 199, 200, 172
1136 2203 198, 173, 200
952 2203 174, 198, 199
629 2203 200, 199, 198
876 2203 62, 229, 228
1214 2203 61, 228, 225
1000 2203 224, 59, 60
1025 2203 4, 223, 28
1432 2203 225, 60, 61
1411 2203 208, 47, 46
1547 2203 230, 47, 227
773 2203 208, 46, 202
678 2203 210, 202, 209
264 2203 203, 210, 211
231 2203 209, 211, 210
1403 2203 53, 203, 211
232 2203 203, 53, 52
617 2203 211, 6, 53
976 2203 44, 6, 211
963 2203 209, 202, 45
1496 2203 209, 44, 211
1498 2203 209, 45, 44
1455 2203 46, 45, 202
1576 2203 212, 201, 26
400 2203 212, 27, 222
1438 2203 212, 26, 27
1573 2203 25, 26, 201
449 2203 214, 201, 213
687 2203 215, 213, 204
190 2203 215, 24, 214
1250 2203 213, 215, 214
1157 2203 216, 50, 204
1513 2203 215, 2, 24
1554 2203 49, 204, 50
1277 2203 204, 49, 215
114 2203 214, 24, 25
378 2203 2, 215, 49
1574 2203 214, 25, 201
1361 2203 50, 216, 51
1515 2203 216, 52, 51
1172 2203 217, 204, 213
1518 2203 52, 216, 203
850 2203 218, 213, 201
1106 2203 205, 217, 218
1044 2203 213, 218, 217
106 2203 210, 203, 219
1075 2203 220, 219, 205
272 2203 202, 210, 220
618 2203 219, 220, 210
1101 2203 217, 205, 219
496 2203 216, 219, 203
1338 2203 204, 217, 216
80 2203 219, 216, 217
1305 2203 221, 201, 212
443 2203 206, 221, 222
611 2203 212, 222, 221
1060 2203 27, 223, 222
1413 2203 59, 223, 4
788 2203 225, 206, 224
1433 2203 224, 60, 225
8 2203 223, 59, 224
1556 2203 222, 224, 206
331 2203 223, 27, 28
1123 2203 224, 222, 223
1457 2203 208, 202, 226
1278 2203 227, 226, 207
555 2203 208, 227, 47
633 2203 226, 227, 208
1072 2203 229, 207, 228
1487 2203 63, 229, 62
669 2203 62, 228, 61
1483 2203 63, 230, 229
344 2203 230, 8, 48
1257 2203 230, 63, 8
1010 2203 47, 230, 48
758 2203 207, 229, 227
4 2203 230, 227, 229
1064 2203 231, 228, 207
20 2203 206, 225, 231
347 2203 228, 231, 225
103 2203 232, 207, 226
50 2203 220, 226, 202
175 2203 205, 232, 220
65 2203 226, 220, 232
726 2203 221, 206, 233
1030 2203 218, 233, 205
729 2203 201, 221, 218
612 2203 233, 218, 221
694 2203 232, 205, 233
682 2203 231, 233, 206
170 2203 207, 232, 231
893 2203 233, 231, 232
135 2203 67, 261, 262
1461 2203 66, 258, 261
567 2203 257, 65, 64
1583 2203 3, 18, 256
1463 2203 258, 66, 65
1489 2203 241, 36, 37
1538 2203 263, 260, 37
1185 2203 241, 235, 36
585 2203 243, 242, 235
3 2203 236, 244, 243
558 2203 242, 243, 244
1182 2203 58, 244, 236
1166 2203 236, 57, 58
255 2203 244, 58, 5
1026 2203 34, 244, 5
713 2203 242, 35, 235
1160 2203 242, 244, 34
1059 2203 242, 34, 35
1177 2203 36, 235, 35
1329 2203 245, 16, 234
1481 2203 245, 255, 17
1478 2203 245, 17, 16
1319 2203 15, 234, 16
971 2203 247, 246, 234
987 2203 248, 237, 246
1098 2203 248, 247, 14
131 2203 246, 247, 248
397 2203 249, 237, 55
1077 2203 248, 14, 1
1509 2203 54, 55, 237
208 2203 237, 248, 54
1218 2203 247, 15, 14
1494 2203 1, 54, 248
1317 2203 247, 234, 15
386 2203 55, 56, 249
1466 2203 249, 56, 57
1285 2203 250, 246, 237
1469 2203 57, 236, 249
1261 2203 251, 234, 246
166 2203 238, 251, 250
747 2203 246, 250, 251
1155 2203 243, 252, 236
588 2203 253, 238, 252
1153 2203 235, 253, 243
100 2203 252, 243, 253
1090 2203 250, 252, 238
1468 2203 249, 236, 252
452 2203 237, 249, 250
712 2203 252, 250, 249
1553 2203 254, 245, 234
540 2203 239, 255, 254
930 2203 245, 254, 255
1581 2203 17, 255, 256
1533 2203 64, 3, 256
192 2203 258, 257, 239
577 2203 257, 258, 65
578 2203 256, 257, 64
1234 2203 255, 239, 257
1580 2203 256, 18, 17
313 2203 257, 256, 255
1269 2203 241, 259, 235
575 2203 260, 240, 259
826 2203 241, 37, 260
1258 2203 259, 241, 260
749 2203 262, 261, 240
1530 2203 68, 67, 262
97 2203 67, 66, 261
1528 2203 68, 262, 263
382 2203 263, 38, 7
692 2203 263, 7, 68
910 2203 37, 38, 263
22 2203 240, 260, 262
1051 2203 263, 262, 260
285 2203 264, 240, 261
859 2203 239, 264, 258
74 2203 261, 258, 264
1353 2203 265, 259, 240
213 2203 253, 235, 259
742 2203 238, 253, 265
518 2203 259, 265, 253
141 2203 254, 266, 239
753 2203 251, 238, 266
994 2203 234, 251, 254
812 2203 266, 254, 251
916 2203 265, 266, 238
645 2203 264, 239, 266
1267 2203 240, 264, 265
914 2203 266, 265, 264
