32 62
1 -1.00000000000000e+00 0.00000000000000e+00 0.00000000000000e+00
2 -9.13295203834630e-01 4.07298257610637e-01 0.00000000000000e+00
3 -6.73433497062411e-01 7.39247810300640e-01 0.00000000000000e+00
4 -3.51100151841865e-01 9.36337910893615e-01 0.00000000000000e+00
5 1.15027380792693e-02 9.99933841319854e-01 0.00000000000000e+00
6 4.17776706814253e-01 9.08549736251923e-01 0.00000000000000e+00
7 7.18223385980109e-01 6.95812595338190e-01 0.00000000000000e+00
8 9.21878722139036e-01 3.87478543492794e-01 0.00000000000000e+00
9 9.99766751072902e-01 -2.15973018947583e-02 0.00000000000000e+00
10 9.24204980604962e-01 -3.81896784255880e-01 0.00000000000000e+00
11 7.19492818329474e-01 -6.94499880757593e-01 0.00000000000000e+00
12 3.76848778942144e-01 -9.26274796056664e-01 0.00000000000000e+00
13 -3.30959281237163e-02 -9.99452179717284e-01 0.00000000000000e+00
14 -3.92502406292114e-01 -9.19750977740660e-01 0.00000000000000e+00
15 -7.22469634736865e-01 -6.91402651776214e-01 0.00000000000000e+00
16 -9.34516348289866e-01 -3.55920208444216e-01 0.00000000000000e+00
17 -6.59542839545942e-01 2.23613483547208e-01 0.00000000000000e+00
18 -4.91539161593708e-01 5.22907537083993e-01 0.00000000000000e+00
19 -1.32261861574516e-01 6.04625588074830e-01 0.00000000000000e+00
20 2.56244715322333e-01 6.22431421887135e-01 0.00000000000000e+00
21 4.81810553182800e-01 3.23457449738333e-01 0.00000000000000e+00
22 6.62120698552095e-01 -1.46748365957316e-02 0.00000000000000e+00
23 4.69595607541058e-01 -3.50818500939681e-01 0.00000000000000e+00
24 2.17450115027355e-01 -6.48786911599582e-01 0.00000000000000e+00
25 -2.06815130570478e-01 -6.51020345331243e-01 0.00000000000000e+00
26 -4.18655730144250e-01 -3.63357827490338e-01 0.00000000000000e+00
27 -5.69494592168300e-01 -6.27941055066861e-02 0.00000000000000e+00
28 -3.13985873868175e-01 2.50302184330491e-01 0.00000000000000e+00
29 6.84017496698612e-02 2.87549206208613e-01 0.00000000000000e+00
30 2.61247133808363e-01 -2.48536046686170e-02 0.00000000000000e+00
31 3.00999945939768e-02 -3.45259003853559e-01 0.00000000000000e+00
32 -1.53366299988365e-01 -4.57236807026525e-02 0.00000000000000e+00
1 102 2 1 
2 102 3 2 
3 102 4 3 
4 102 5 4 
5 102 6 5 
6 102 7 6 
7 102 8 7 
8 102 9 8 
9 102 10 9 
10 102 11 10 
11 102 12 11 
12 102 13 12 
13 102 14 13 
14 102 15 14 
15 102 16 15 
16 102 1 16 
17 203 2 1 17 
18 203 3 2 18 
19 203 2 17 18 
20 203 4 3 18 
21 203 5 4 19 
22 203 4 18 19 
23 203 6 5 20 
24 203 7 6 20 
25 203 5 19 20 
26 203 8 7 21 
27 203 7 20 21 
28 203 9 8 22 
29 203 10 9 22 
30 203 8 21 22 
31 203 11 10 23 
32 203 10 22 23 
33 203 12 11 24 
34 203 11 23 24 
35 203 13 12 24 
36 203 14 13 25 
37 203 15 14 25 
38 203 13 24 25 
39 203 16 15 26 
40 203 15 25 26 
41 203 1 16 27 
42 203 17 1 27 
43 203 16 26 27 
44 203 19 18 28 
45 203 20 19 29 
46 203 21 20 29 
47 203 19 28 29 
48 203 22 21 30 
49 203 23 22 30 
50 203 21 29 30 
51 203 24 23 31 
52 203 25 24 31 
53 203 23 30 31 
54 203 26 25 31 
55 203 18 17 28 
56 203 26 31 32 
57 203 17 27 28 
58 203 28 32 29 
59 203 29 32 30 
60 203 31 30 32 
61 203 27 26 32 
62 203 32 28 27 
